gene	gene_cluster	MO1_mean	MO1_sd	MO2_mean	MO2_sd	MO3_mean	MO3_sd	MO4_mean	MO4_sd
SLC7A2	MO3	0.157267893300861	0.969922423102847	0.336867363470201	0.755236958228557	-1.21387359316084	1.01310938079509	0.27685560898093	0.653137647709192
PDK4	MO1	0.831980255793949	0.674052142452158	0.10273402275586	0.798196287755468	-0.672389719584791	0.864427988920083	-0.557469356175253	0.89276124696886
ABCB5	MO1	-0.552470158465963	0.577990704445437	-0.0481515250869801	1.05624694132037	0.229304098355613	1.09447943999356	0.483440003699826	1.01403108930538
CALCR	MO1	-0.578890367255117	0.798513891770637	-0.175668199004417	0.734982214255284	0.0584580288655746	0.703424411973256	0.722078037452283	1.12695488997834
CACNA1G	MO3	-0.473197579110949	0.863941516381953	-0.189252729124128	0.726710464759437	1.08597745827755	0.666371289319562	0.00613580285547726	1.0581458310275
UPP2	MO3	0.539340689066107	0.876925551247461	0.444096621155447	0.86519663160592	-0.966755902877605	0.464118935272854	-0.363736309774979	0.916245354548098
PROM1	MO1	-0.544298142339979	0.595280191427273	0.0724430740894439	1.1297025511646	0.762353335743327	1.12742138640471	0.0525244350349551	0.863629488267517
SLC13A2	MO3	0.225049603380495	1.00592579356641	-0.0432726882214791	0.960911278685959	-0.803697983711588	0.415832716976886	0.282698491665691	1.06725451966364
SYT13	MO1	-0.703371292278453	0.359550009252289	0.18208029275746	1.10852655012021	0.829526529214706	1.21039165248501	0.0860556905197117	0.770482013241721
INSRR	MO3	-0.413209961167926	0.750564546640388	-0.150711564044887	0.642563194452177	1.23827489956973	1.04071344812576	-0.180989651077362	0.922985923864575
IBSP	MO2	-0.28101801400143	0.929472077209405	-0.619588040014761	0.431486316084181	0.848787438937543	1.11653698061839	0.312446285351523	0.924727430084592
MUSK	MO2	-0.432930299441371	1.00337581910371	0.679712781793244	0.78604430024104	0.261837330743029	0.670641383034669	-0.280281448556635	1.02205955188011
ZIC2	MO4	-0.30169624626984	0.875398797282482	-0.42369472718593	1.12784274089368	-0.158749210470565	1.02568021445814	0.772171102973711	0.489803727275271
STYK1	MO3	-0.417836079629673	0.709816561120164	0.436175766416792	0.921145513655095	0.922105432112008	0.649466945879023	-0.485284777110322	0.997186867469177
WISP2	MO2	-0.485521116926084	0.824131665232251	0.893672178058157	0.817843561225257	0.372273095396941	0.879620105949015	-0.47318803581521	0.779156866750623
BCAS1	MO1	-0.65223093135381	0.939505234501827	0.241837771799894	0.892135250209454	-0.188973331218537	0.56803636593891	0.592664370622713	0.964678300017144
MCM10	MO4	-0.272829195471474	0.665414369314304	-0.637897419535829	1.01382366319004	0.309594575371855	1.27522892016297	0.642926716627389	0.645339885593639
FGFR2	MO2	-0.628593023871045	1.14557765224587	0.617944987618337	0.488313185929845	0.109543687265682	0.60012142157159	0.069043223229602	1.02463434723353
PITX1	MO1	-0.524310910377222	0.660066170714943	-0.286122872334732	0.99304936338726	0.416884734483864	0.967587685200051	0.543600056690286	1.00129422969258
CDH19	MO2	-0.328434582535524	1.04524734508809	0.797827921576185	0.636103266711471	0.149332266421714	0.809672036044319	-0.422896781530485	0.932827487822318
CA12	MO4	-0.510299704630232	1.11326824181777	-0.353939881241177	0.784770686082375	0.481763767404977	0.848752515964801	0.547605328473758	0.727428380071692
CAPN6	MO1	-0.682788727689591	0.378393676242204	0.0645403666527325	0.987175700138768	0.726588505452559	1.10121007218883	0.226115749147713	1.02562052481576
GRHL2	MO1	-0.570070361721207	0.578051749134879	0.532397935132813	1.18373474516302	0.163165016526469	1.29814768082475	0.0481366250284948	0.701554862294113
HAL	MO3	0.0351627315305512	0.81355334419728	0.471784402070314	0.847144739117611	-1.33281384566236	0.833698675997564	0.361750697530573	0.684056996589412
FCN1	MO2	-0.354748232377002	0.582942266734801	0.926252906298438	0.543025170522188	0.219129231232592	1.38124863341989	-0.546306865097376	0.818411681164141
GNAO1	MO2	-0.309964604397614	1.12881642990621	0.554738506710209	0.547330865849631	-0.333881011660697	0.958561594883437	0.0542637109102349	1.02519184740212
PTHLH	MO1	-0.724697281639704	0.703428672787085	-0.146892500976556	0.852763067179627	0.755656902081019	0.928812263585798	0.432396630303151	0.917422011791094
SLC4A11	MO1	-0.696053525360488	0.950986913955892	0.0717292651565331	0.78448844511509	0.724590037038065	0.684635061031928	0.23513230402262	0.979846044748963
FXYD3	MO1	-0.548731691622706	0.599946908057206	-0.272801495205344	1.04039836248603	0.394080318955904	1.00974815755603	0.571601355754842	0.953673467565024
LYZ	MO1	-0.68326918015654	0.856853501483036	0.167524674937293	0.815596770913972	0.462613571874361	0.975653856535912	0.297468522343052	0.988965219036642
SLC26A3	MO4	-0.111014718278549	0.866038394033615	-0.364552271774799	0.747334396778692	-0.58251768307663	0.591477910611186	0.775945495047034	1.09022622772446
TEKT2	MO1	-0.670983101745329	0.526808899974669	0.283951323967888	1.02707451512072	0.947643472436656	1.07426535343297	-0.105412452002102	0.79647208442412
GABRP	MO1	-0.510185253573519	0.364624569017456	0.34215633168615	1.14524267244283	1.04444835757301	1.20223425301237	-0.381807380224839	0.561687577445096
TDRD1	MO1	-0.474472584042176	0.462859799546396	-0.0913128060095391	0.592788513796003	0.614360714254587	1.001306499393	0.207195669799641	1.41061497350769
CRTAC1	MO4	-0.296186276883858	0.741049060852492	0.479208200214621	0.939883765203735	0.835783608176806	1.22971828410007	-0.597801544360461	0.560669649441186
IGF2-AS	MO2	0.141733821669354	1.13905280140839	0.754596722946613	0.786587608869584	-0.588691931591972	0.505710098924814	-0.437012568302259	0.803225467445363
SEC14L3	MO1	0.952804079769334	0.629118718300224	-0.152599949089935	0.942535497588032	-0.750996998000805	0.809671575232582	-0.420136128230874	0.721850899657019
PRODH	MO1	0.742721434384364	0.84138182322791	0.150916828453825	0.774970549509436	-0.541455973916481	0.927960260523364	-0.583263225939445	0.841880967711714
NTSR1	MO4	0.571368721983699	0.909811532353883	0.413054218113031	0.765831505745905	-0.331181713022085	0.810935102120239	-0.75232421566571	0.840894532783663
MYOM1	MO3	0.223386950378642	0.706626858675503	0.572672126577588	0.759695392665475	-1.38104576090947	0.826398389648724	0.107299851057158	0.81195804696779
CHRDL1	MO1	-0.631106799148146	0.484899255561954	0.385228346161013	0.925288097345858	0.713281884601787	1.19900206694014	-0.0927510858923795	0.963024984596009
SFRP1	MO2	-0.316945953770635	0.68721447432459	0.586580663589599	0.690178813933549	0.735068277338272	1.12326526135868	-0.606841278994956	0.924699544150078
CLEC4M	MO2	0.0276956069034783	1.04042041900613	0.806854812245683	1.03471434396504	-0.421467364571987	0.575606341091898	-0.462026558914291	0.691735879994872
CRX	MO1	0.713392370372219	0.962413089793462	-0.0578052756241141	0.953512274452949	-0.650553630446164	0.641437866382912	-0.309595326342634	0.847983677579739
HAS1	MO1	-0.663170421091178	0.451690471246888	0.450983495989162	0.876823338476276	1.02963138300139	1.24092020544746	-0.304785859245888	0.665181347183569
FAM83E	MO1	-0.469085033037513	0.512123442964888	0.141063484916715	1.28847925537604	0.739670829442685	1.24823050344329	-0.0711671751554303	0.665980461086105
HAMP	MO2	-0.0651782094888262	1.03542204673852	0.753409190496003	0.94967030655407	-0.0568728423793102	0.670059993414228	-0.537836986530748	0.815192242657079
SERPINE1	MO1	-0.557142787227504	0.637101798329464	0.0101433453984882	0.819068887244016	0.401221936701264	1.11997121147237	0.335644920979406	1.16178483808143
DKK1	MO1	-0.674511218185222	0.459319737123143	-0.126709667951063	0.617878144246412	0.265345915535705	1.27262229910499	0.656732447531463	1.06521124769989
DLX4	MO1	-0.595110516883317	0.651138109315336	0.161420471932402	1.03215412925167	0.59573800686484	1.2654683647287	0.130215837466037	0.839209515314587
SULT1E1	MO3	0.495108955481036	0.887037260199147	-0.0722276559614548	0.841172923892607	-0.986174949959609	0.90256601368363	0.133234074287914	0.909576908693413
CLNK	MO2	-0.352969135569586	0.745476185196874	0.955262303230766	0.515927403933574	0.0882287369008017	1.10675051327359	-0.494292607538567	0.94711067952198
B3GAT1	MO2	-0.22470295108474	1.08105685130199	0.76668870282058	0.682667195575982	0.224571726047293	0.67698175204112	-0.550490334386892	0.900564863697273
EXPH5	MO1	0.627327636909201	0.788677433444942	0.278140359547843	0.787535975474372	-0.360645815886371	0.64892498323539	-0.678725834838504	1.06747506453219
RASAL1	MO1	-0.888448038359059	0.642121723124675	0.363135610826386	0.866312746419289	0.844668921055661	0.820622478796899	0.117403818441188	0.848616528569264
SLCO1B3	MO3	0.234996471252675	1.16631902687586	0.480351434403964	0.55935501157847	-0.923460108515989	0.851164540598057	-0.100968948949084	0.83663464775092
UNC93A	MO3	0.242612821962027	0.851506616724885	-0.181659732452983	0.702470115741688	-1.15956181514017	0.544260364143693	0.595404398609009	0.982013839451797
PACRG	MO1	0.647981915981337	0.752394699462071	-0.0310816368191358	0.777373979573975	-0.561171317589469	1.07307764189135	-0.317258829930457	1.04419927296146
PCDHB2	MO1	-0.541821392188353	0.728579955419545	-0.0186168742498889	0.726141371542125	0.790784598499653	0.77670489777365	0.110266045810385	1.24378079380282
HAVCR1	MO1	-0.950261736381082	0.731114394738277	0.194232294326122	0.576356476558577	0.568134903165101	0.836989440241625	0.491796431123872	0.945167487540392
LIFR	MO4	0.0337799150363945	0.874671208296379	0.515121979288398	0.71559957608176	0.564799820974158	1.02063765860919	-0.812202485767847	0.81080208844443
C9	MO3	0.128634327706358	0.990290856058938	0.630203198500064	0.898653787458571	-1.00906373185268	0.659918249749223	-0.0653005237051248	0.803671670203715
SLC30A3	MO2	0.0938113164675271	1.18961186717473	-0.56947556789765	0.608468080221838	0.136753413897246	1.02853437798747	0.303500302083751	0.899456133133353
REEP6	MO3	0.392733099278371	0.713611976502451	0.368839870511634	0.615790418536329	-1.56525221895085	0.86052875362157	0.213267687193331	0.678263909737346
PRG4	MO3	0.116686468568134	0.978419494839798	0.299389424026186	0.619720128066723	-1.24082214212373	0.792246856020555	0.367491482855438	0.852811686037175
A4GNT	MO1	-0.615171212660358	0.654669574604407	0.247920890979107	1.14164463411448	1.00200353607075	0.968250107531884	-0.166005105681315	0.635385851210858
ALDH8A1	MO3	0.469919247059221	0.737636246113319	0.441955536280971	0.709285463384783	-1.55330046005523	0.842385758924878	0.0629028607821314	0.526800716387637
ARG1	MO3	0.441519326006029	0.802332294001835	0.246599443944026	0.615366684412622	-1.62426738780227	0.865093706443813	0.301355613022612	0.412401491684981
SPP1	MO3	-0.517827168314913	0.955709211095822	-0.26798987155361	0.945021635495178	0.913119400014789	0.710357071079035	0.223638277542353	0.828282264962842
EPCAM	MO1	-0.599310672125812	0.669719732817981	-0.104720222814104	0.918028355458197	0.507169224047389	0.848259040729523	0.413986860695658	1.1329212097832
ELOVL3	MO1	-0.517917996420973	0.625512826428042	-0.393784014244559	0.564991979931575	0.184797663939505	0.642407821029264	0.767651709986194	1.27862855378001
CPN1	MO3	0.429670865988526	0.40872200151156	0.256620067935842	0.621283934805519	-1.74950642672757	0.98141195040775	0.380422389003121	0.473952742346249
GRIA2	MO2	-0.302968962656722	0.59040886827545	-0.500351513459366	0.330574560927195	0.624487987325919	1.33601417945088	0.368723404834467	1.19347057260267
TTLL2	MO3	0.199570919655369	0.995090848781163	-0.274694652505657	0.668665433838408	-0.930588239857732	0.441919455451725	0.582293932906311	1.04129015293529
TEX11	MO2	-0.155716208363636	0.768100080914185	-0.499943295238415	0.48288444269972	-0.127288998622427	0.683438954895069	0.664827218907927	1.34827494943012
ENOX1	MO3	-0.156096916256315	1.16144595184253	-0.0626885158125106	0.675497373046551	0.932124010744998	0.743315964427563	-0.342087405937234	0.897281783607105
EGR1	MO2	-0.318662578982418	0.866605373213554	0.736953404586737	0.572782920495675	0.287229560489309	1.26779879952403	-0.464152422260773	0.870155432616955
ADRA1A	MO3	0.465295377816971	0.708917653544274	0.374604469869818	0.788505973848612	-1.2320293097744	0.964232647715241	-0.0677563602325248	0.844019348397125
GJA3	MO1	-0.531755674416342	0.719672890944635	0.0494723303693258	0.934067068055756	0.497784880751563	1.2002489729855	0.217621048872295	0.998283654025695
NUDT10	MO4	-0.335360602805624	0.831005524952836	0.559257459283374	1.0721562802046	0.727307435836423	0.828978329191693	-0.559624668946816	0.686212091785497
HJURP	MO4	-0.103406494157999	0.848410289156581	-0.630254509795887	0.831616461885532	-0.00395650619506737	1.4078532780921	0.646667055909443	0.580154610755232
PTGIS	MO2	-0.462527972346585	0.711820990425148	0.615471525437355	0.589029084166261	0.901890262288095	1.00523857423392	-0.578630583030694	0.882877480822677
SLC17A1	MO3	0.549217887386587	0.936975194531053	0.272646989460208	0.571701434410089	-1.51411883993056	0.787122985539162	0.100042581161245	0.463844090178546
TREM1	MO1	-0.560414339300662	0.540242580676628	0.0986024238565864	0.934671215507893	1.03517634839554	1.10548479722387	-0.116482813049725	0.913375909343517
CXCL6	MO1	-0.614841413170332	0.522938251409707	0.525727884949252	1.04359794018269	0.229782659025083	1.31239643029943	0.0608451862069346	0.852674963598001
PLGLB2	MO3	0.416619504806562	0.895277922757243	0.461497126363456	0.636005956972136	-1.45160248790275	0.469377625123475	0.0412384552858236	0.777599270124336
FOSB	MO4	-0.209861534953207	0.749458375791103	0.421212809110107	1.03400775208837	0.63491462249745	1.31509553957725	-0.518625049541194	0.627333138297781
TGM3	MO3	0.455134305727391	0.997761964320912	-0.59700216096134	0.823329419176091	-0.811305643016969	0.592594448691689	0.51634420161356	0.751864779015589
NRSN2	MO1	-0.594644656224783	0.879774445849381	-0.224477531016064	0.5925470367643	0.676913993647115	0.76345299800216	0.409034394211408	1.13238610721308
SSX1	MO4	-0.502375863594275	0.668774198914071	-0.441774210596497	0.599064662478574	0.237845901680988	1.12868174416822	0.760295194772418	1.01156438270325
PZP	MO2	0.207058166378847	0.862591802566922	0.686588960086001	0.800669220317692	-0.717622272553316	1.13477145773649	-0.370438327238901	0.790013930352066
PRDM7	MO3	0.155070645437338	0.990365051803258	-0.112860208882578	0.718738666477478	-0.95011163705991	0.748217645512576	0.503173982076934	0.982539754011254
GNAZ	MO4	-0.456233280679682	0.904460441368697	-0.401819096644877	1.0537816390461	0.0936724448934545	0.819587206696245	0.764387709925739	0.671831455350652
BAIAP2L2	MO4	-0.115179262886412	0.93228510967766	-0.585064828174871	0.776027795684855	-0.0731647489278631	1.04475383178606	0.662142179336091	0.889830814609366
RIBC2	MO1	-0.713752401168297	0.824712527226828	-0.117633990572748	0.819810993621288	0.500360612167079	0.725334390457063	0.5492125459133	0.996989750442693
BBOX1	MO1	0.722260786445099	1.04854027826389	-0.332744577247847	0.727371985354819	-0.741996129225059	0.685966613515441	-0.0303432575716483	0.85556643005145
FAM64A	MO3	-0.546521245051651	0.916855144514595	-0.274794447034906	0.617779449310032	0.805315828705416	0.731008062364004	0.324233090060654	1.0945310318862
SHBG	MO3	0.356406169651657	0.897786742409581	0.479675036663538	0.824365564545751	-1.27109176953775	0.533354034492488	-0.0192951975755978	0.824066353136053
ACE2	MO1	0.728778200103141	0.895071118962343	0.073146612671433	0.781743199999296	-0.526743232730878	0.610996333800175	-0.511345791240489	1.00757900157624
EPO	MO4	-0.295699366935781	0.719488405298854	-0.127009151342912	0.749601435417013	-0.626062347765417	0.583155909411099	0.794079522583296	1.18077550947628
CYP2G1P	MO1	0.774819129899111	0.640535707456074	-0.0999933466716013	1.01718617275282	-0.382983479530366	0.60293660496473	-0.498775654004986	1.04448082774084
PNCK	MO1	-0.542500484278371	0.486215393609355	-0.438263970736916	0.581383252239942	0.250784049685235	0.710643301193001	0.791679453807528	1.26850665994435
DUSP9	MO4	-0.056158449135332	0.689188665522546	-0.503262100962826	1.00502387955829	-0.4521193198268	0.982428270933026	0.75801074930658	0.870752216131202
SLC34A1	MO3	0.478623711640397	0.998797225589128	-0.0236028554210405	0.878600044742427	-1.1086094202199	0.627573932568073	0.182673182017409	0.798979664210149
ADGRE3	MO1	-0.562207151340078	0.751688894393851	0.603164318627337	0.875447330313416	0.0804819343732896	0.790312677907837	0.0293386774498719	1.16187081832598
MATN3	MO3	-0.31008363756182	1.0628675690056	-0.4235862164779	0.927992127421407	0.905768161035205	0.801650113540783	0.142175206825003	0.734122541242387
RHBG	MO3	0.482448107252012	1.16639723915004	0.0586767080405113	0.721036639631869	-1.01009175180838	0.751591349782414	0.0496093366359817	0.726172636702907
CHIT1	MO1	-0.690460673318079	0.580894328631163	0.584282259311985	1.12156836893334	0.691448864470859	1.10324959896894	-0.18652553211372	0.584346819013163
LGR6	MO2	-0.531840260280374	0.781509336870238	0.79024231241565	0.760730221483765	0.0292865450791995	0.648335429578274	-0.130845619306429	1.16963601455223
EPHB2	MO3	-0.148967393945205	1.17229996611139	-0.0130653275221111	0.745694938674944	0.660567060580564	0.580905847553565	-0.228818944312079	1.07979154611959
CCNB1	MO4	-0.242614541342731	0.969122723121358	-0.599379036531267	0.965029801786478	0.33357842423801	1.03598993504303	0.564070394918639	0.667565728570404
CHL1	MO1	-0.497008675090632	0.577517172824882	0.276267380979852	0.87347939413542	0.238059521287449	1.16374055613553	0.14419612223982	1.20621230789959
SAA2	MO2	0.0342601835949401	0.772448467370734	0.677899851446111	0.767453905625975	-0.51969042574954	1.16645275658442	-0.300373811054157	1.02066985954871
FST	MO3	0.163395386973338	0.622700688405958	0.335521594066275	0.861451402664045	-1.33470211190846	0.954234803699471	0.344062755866739	0.831483331058806
SPOCD1	MO1	-0.608758063923124	0.724071281487256	-0.145179830412209	0.809255865591636	0.991032003545948	1.29700773173912	0.167979620842089	0.689808239012746
UGT2B28	MO4	0.366136269678585	0.801039040366004	-0.559276245249369	0.880648576685711	-0.81015137497215	0.903826290438753	0.577032550282739	0.798157840939595
PPP1R1A	MO3	0.360532703401838	1.05646677351313	0.406811916526861	0.570577800320868	-0.845325016778781	0.533171685939089	-0.217154457552494	1.10692835033287
SERPINE2	MO1	-0.864460637276316	0.648651430382984	0.0219408093709287	0.629975016128505	0.777081142641215	1.02180839789879	0.422785295590113	0.924166323696023
SLC22A7	MO3	0.458140783627807	0.591206704254043	0.388932798674778	0.539857012817627	-1.54640977460403	0.970027304448097	0.116205163079659	0.762609390621444
FOXF2	MO1	-0.726284728201068	0.562449233229891	0.330535631662048	0.677053962922599	0.962499390115028	1.13209874427528	-0.0958559563706358	0.946051027006541
PI15	MO3	-0.215657286397401	1.08237001451526	-0.228535997468947	1.04140883164968	0.812251691320672	0.508703623137606	-0.0666552662265271	0.90320956084427
MMP13	MO1	-0.542339016789821	0.565994644537734	-0.128844776919594	0.953656513345796	0.695917876567863	1.36210707235907	0.261423302070249	0.858256903517836
CYP19A1	MO1	-0.605328263790062	0.57192988716968	-0.420725641232892	0.615167333761237	0.597076924800427	0.827590423682687	0.634965317147267	1.16581565349013
TRIM54	MO2	0.116547300571121	1.03573224481674	-0.624264051350667	0.761961384945127	0.232440459969922	0.884197868095886	0.268785502066437	1.04257897765103
BTBD16	MO3	0.174702058046195	1.01988772051694	0.152259504274108	0.774454609738739	-1.05079769709441	0.962255403802628	0.31762087867515	0.798419302803084
CHRNA1	MO1	-0.555036104752061	0.665033038523699	-0.171318489689332	0.764891704723341	0.56940609778228	1.09951614988735	0.386764967556229	1.11555129458584
BMPR1B	MO1	-0.625545877291508	0.621488759348474	0.416981533952476	0.911730339975121	0.76147214267144	1.01613100963789	-0.154494418306385	0.973558161788495
SLC39A5	MO3	0.244974290647884	0.931748866971237	0.398612352312374	0.542778646881844	-1.390459238367	0.773295593670276	0.238232038374402	0.796315912023432
ZIC5	MO4	-0.52134923752079	0.809120841272616	-0.374655720072774	0.929082878795294	0.121680424276912	0.908425609356742	0.79286580689254	0.800434129026166
SSTR1	MO3	0.496098490802837	0.938135617189376	0.0321941330244961	0.591237384393398	-1.23355965910947	0.976770327850634	0.191867367051883	0.765295237476181
CYP11A1	MO1	0.795896058808342	0.696945781801099	-0.000261567493261948	0.853501682614708	-0.845062715406003	0.908220018069343	-0.328430900135885	0.874402608358005
ADAMTS10	MO1	-0.60168306568661	0.763270558695609	0.5300512751052	0.809140144431583	0.780219109702971	0.856453521856518	-0.286907830690262	0.959014751680925
SLC2A5	MO3	-0.599680949354309	1.02667473772587	-0.0304125449269427	0.705352573629707	1.0158845112996	0.812921206291922	0.0459849532301678	0.817407316223888
RXRG	MO3	0.442889892865403	1.16068835311641	0.0485112419272643	0.804474502282977	-0.797254524799432	0.601343821964914	-0.0279162282671888	0.915402528432371
MAEL	MO2	-0.0783255571256562	0.901400971596774	-0.547540308276345	0.489361984886514	0.194857667348791	1.26906488830231	0.430736496607557	1.07140804184715
NECTIN4	MO3	-0.293828420129317	0.788928036514965	0.140435072810451	1.07510090094892	1.04874417255466	0.92035081023484	-0.440096474285894	0.707869146171133
NUF2	MO4	-0.235917400223315	0.991695131859341	-0.603307917192858	0.805549335881777	0.231907892328937	1.28079201193098	0.621380264451048	0.522113154731512
TRPM8	MO3	0.325440508562455	0.774061132034556	0.00951756403334275	0.566643140364298	-1.16962124809024	0.951308246717058	0.351970285435224	1.04641908099709
ILDR1	MO1	-0.862353016329767	0.756777184106021	0.243634394775932	0.695179328429504	0.569878737154648	0.971165917534564	0.356454189293924	0.928339206003449
NKD2	MO2	-0.404026673763068	0.793287564731834	0.644171138338519	0.74038543961445	0.689800571265306	0.926553496263539	-0.537197802895703	0.924402399433155
UGT3A1	MO3	0.319307439500799	0.805944365838868	0.213150719416962	0.720987934580404	-1.15838751633098	0.988009096468116	0.178581586818329	0.954228262394791
TIMD4	MO2	-0.440402915685563	0.913994550873443	1.06648224079541	0.730159333766228	-0.00273957083051214	0.488295182348015	-0.442443100707954	0.852723536064672
SLC2A12	MO1	0.886772678689521	0.748869591526862	-0.0953485864995092	0.681817057081154	-0.506935328297627	0.770362908525916	-0.545903817120838	0.976179191280823
SDK1	MO2	-0.487455846404423	0.907822679468605	0.695878960729686	0.609327725463527	0.439623808400035	1.1625986040181	-0.34344276293561	0.85249823586171
IGFBP1	MO3	0.417719451391055	0.535835807749424	0.302523991936469	0.746277065701049	-1.4989596709907	1.08380044229784	0.203624985487813	0.665460419176688
TMEM27	MO1	0.574465829569209	0.74166035210512	-0.0280784930421606	1.04002545157483	-0.339586103387408	0.806450411960464	-0.375570739929388	1.08554717193847
CHRNA6	MO1	-0.850013995127228	0.430652679706864	0.330966793094782	0.68627784397058	1.01719031445522	1.17766983582485	0.000878732079889639	0.828691684373597
ATP6V0D2	MO1	-0.609400755527013	0.590911864872167	-0.203458351293794	1.06019019625493	0.611965212617986	0.937879169265382	0.445631264332297	0.956649418368083
GSDMC	MO3	-0.542408145916854	0.884168154315808	-0.354256692191025	0.983866315093579	0.865000364740024	0.727595188512344	0.351646522731054	0.804267892990736
NTRK2	MO1	-0.597150312083645	0.721766262022736	0.575478929510082	0.728440968961886	0.971655236602759	1.16162936292304	-0.445142404357397	0.599872198283164
CYP17A1	MO3	0.417001851217106	1.07427571762548	-0.212454807249309	0.830770826297666	-0.908595973831249	0.522785195493928	0.287892226682701	0.914392908559219
FADS1	MO4	-0.337565340595763	1.10412450233265	-0.406395500069306	0.722351874291657	-0.27267219716847	0.547969652386283	0.863483100985544	0.793447949383288
PLCH2	MO2	-0.372807147699989	1.11755763928688	1.01861174592285	0.63035724033095	-0.103749173178057	0.487544881654026	-0.4121229750426	0.759693290999582
HMGA2	MO1	-0.512495639080795	0.563969874843759	-0.422515297770915	0.434465135258644	0.671368559408529	1.03892865294995	0.494437288494995	1.23324119799607
KLRF1	MO4	0.172151381679378	0.865187049178205	0.614673652463446	0.901348300699586	-0.0361411387323301	0.946224405917882	-0.681546872117878	0.88348182166887
ALLC	MO2	0.0274664637146651	0.929941910049634	0.807299413966648	0.787773949151731	-0.405776562585953	0.902816337393752	-0.471578351220477	0.897072278792338
THRSP	MO3	0.372510138412567	0.927404375391581	0.162487281365639	0.807441932648708	-1.06230481070198	0.614343900503079	0.108133051927201	1.02794611442771
ZNF385D	MO4	0.15168628738265	0.982098856764048	0.0451002749877432	0.775543201275908	0.687709643170881	1.06598734662266	-0.610231621393893	0.856731615275096
TMEM132D	MO3	0.271949059527161	1.10310359951242	0.0367185258618512	0.97244080589839	-0.803087660108189	0.525810312277644	0.16509533657882	0.935589329212977
PLEKHH2	MO1	-0.814829023091579	0.646839273343727	0.197333053861842	0.627141924731266	0.593775893943064	1.08425523844571	0.331571842097754	1.03549808292436
DSPP	MO2	-0.44581071517681	0.794416229006867	-0.603253634170871	0.56775346145355	0.784909876753466	0.963026607220511	0.509920913928811	0.975092340845778
DMP1	MO2	-0.41473463166166	0.806415214731359	-0.69642710698235	0.576942172126072	0.833844286515598	0.837634213143912	0.527127832270382	0.951232941022182
CLGN	MO4	-0.17806107519031	1.02686881268822	-0.378223402601355	0.874605019133678	-0.549041507553805	0.957974042860828	0.83787892569326	0.503728590359166
UCHL1	MO1	-0.566371494205528	0.528617609557235	0.00983235337920533	0.807726703053987	0.598243115491728	0.810840950879664	0.227386699248443	1.33127620696075
FAM167A	MO4	0.204504477145371	1.13263425035091	0.334783283406305	0.59329202712803	0.543334945727268	0.694556877746467	-0.82529645933436	0.80967517953956
OBSCN	MO1	-0.694602610151583	0.705908617560785	0.556022794158322	0.762801957218408	0.656042370424597	0.778363929310467	-0.136912056630169	1.07928748534392
MAGED4	MO1	-0.607057921371133	0.88929813366022	-0.0735745670516096	0.584021671092754	0.589319425923528	0.856562318019931	0.346357543879441	1.15296452089789
NCAM2	MO2	-0.310967492936007	1.04811291351363	0.508002458720696	0.428644158673765	0.157042986246347	1.04253385077341	-0.199512014077592	1.13841696395433
SLFN13	MO1	-0.929130151101199	0.72737057299978	0.444595682624581	0.456373558382569	0.751913016741231	0.704286350430793	0.146532518380626	1.04948197878912
GOLGA7B	MO3	-0.545680807460687	1.08182906318213	0.285845210648878	0.579693506231937	0.865605284193601	0.6981517663138	-0.189366751733986	0.959825058733552
FUT6	MO3	0.171038123798983	1.04011755334465	0.221388736865248	0.757909483752245	-1.02793686025529	0.944448818291444	0.248991659828778	0.826951252004199
ITGAD	MO2	0.0184872402261945	0.595518380973982	0.957385836186923	0.409971849810378	-0.521105626454539	1.1685557360255	-0.520526187123665	1.02419284167078
NRG1	MO4	0.528313269674934	0.973761551238292	0.299479321446416	0.890775184676092	0.128510673492412	0.518678824951844	-0.886392760483582	0.763738993116301
SLC34A2	MO1	-0.566898082949564	0.507302221747438	0.0915056572903974	0.920590048517417	1.06330263236333	1.1786104293411	-0.120518401017791	0.866442604781626
CLSTN2	MO4	-0.14687443482449	0.570890518390673	0.555569338831625	0.954744433331822	0.640558866389488	1.14217558567691	-0.70235110127486	0.828980232384094
COLEC12	MO1	-0.607522834304634	0.746443242806678	-0.201329469507647	1.04540172883333	1.02930055250492	1.09354446242552	0.191448693598416	0.529646208343039
CD1C	MO2	-0.493465982014381	0.79141626203842	0.795086290759728	0.469670605366551	0.437728126301486	0.996642029800312	-0.420320941811561	1.03426569652561
OR10J6P	MO3	0.336964695153264	0.724687867187689	0.498299055185788	0.688432248396913	-1.40368804804587	0.735388161558731	0.0648457020086732	0.877526725424958
IGF2BP1	MO4	-0.352180753580843	0.841173028581598	-0.441522679853886	0.965288158184977	0.0502040133948833	0.93296643368562	0.714961661098759	0.864292973316632
ISL2	MO1	-0.697372620184224	0.893279662455918	-0.0900758613225619	0.799679041430632	0.447589619337454	1.00008821891849	0.54025196171514	0.833981869008468
ZNF208	MO1	-0.611189334810589	0.846370205664364	-0.0872898445058066	0.566760224808186	0.423608666128034	0.852850145329586	0.461779969704233	1.19517691495205
FCRL3	MO2	-0.433412652641508	0.403725037099675	1.06402794237845	0.739042873725069	0.249198593042768	0.856470183532346	-0.598859621573756	0.968529621509718
CYP3A7	MO3	0.254704676529308	0.794531869594916	0.340031776029846	0.983231505809565	-1.2859709696417	0.450686133499025	0.215115661803879	0.875818261550727
COL26A1	MO1	0.589577600957113	0.805093033420074	0.020193301179835	0.780049853668726	-0.567723971332705	0.931808369439894	-0.295586404208205	1.11987318914045
CELF5	MO3	0.0540429663836046	1.05690019118265	-0.172015585303993	0.70722793260423	-0.659240846434678	0.389632670324578	0.485012640666416	1.18104032095062
DMKN	MO1	-0.687320279355246	0.982574699107035	0.265773760107089	0.759026527527499	0.482206444661647	0.988358929749449	0.206454730434994	0.887440576471736
UBXN10	MO1	0.707644424710223	0.651573672780803	0.00129045711957062	0.858313283202307	-0.677939006321225	0.713742539597906	-0.337360130704634	1.14272622024695
SPATA18	MO2	-0.0976767016876207	0.98764449638905	0.640137839725794	0.677364374976074	0.284441923303972	1.01445272095355	-0.612221780977307	0.894309424502372
BMP10	MO4	0.20150660869651	1.02440276125638	0.776213076833079	1.12615820406399	-0.495200921060999	0.534630060529008	-0.574242501802853	0.45555323867054
C1orf106	MO1	-0.675414154396662	0.840398185867373	-0.086045749165648	0.839523160220307	0.268665597317807	0.928427786109742	0.621124390516611	0.912724424067079
IGFN1	MO1	-0.696984181436511	0.665419988653391	0.788176166088591	1.10409407226289	0.280338727280289	1.04598722372864	-0.10631958703514	0.592653010902832
CCDC141	MO2	-0.39853430591763	1.06199416816087	0.667470598282507	0.648750773403922	0.165606074374751	0.767862523477142	-0.248252631951471	1.04510596244374
PRICKLE2	MO1	-0.864801395000541	0.809311087959796	0.274940291334496	0.639061005691005	0.507594795649403	1.03626808563616	0.369785339726604	0.880679456417052
CXCL1	MO1	-0.616674539307587	0.772348688573914	0.338312771418705	0.625595489337788	0.797410443663265	1.06785970320602	-0.118503855630892	1.03672209313465
RHO	MO4	-0.270150991973207	0.986308693408212	0.101728916920917	1.14741898009778	-0.619245239301204	0.59664085046176	0.56873610576981	0.787523159402517
S100P	MO4	-0.28887508932526	0.847538122326422	-0.261789019801602	1.01059730330694	-0.369118020193723	0.681501755141046	0.747310322739119	0.95866834113403
NDST3	MO4	0.375077675097561	0.820953305039236	0.622473888940625	0.941164272567297	-0.363346919632182	1.1377567017811	-0.704926212672661	0.564036380397257
RANBP3L	MO1	0.843591576042084	0.562274399694653	-0.0230199960768611	0.901807433495332	-0.864120264193174	0.974696156606667	-0.347731999662952	0.823410682292489
ADGRV1	MO3	0.246678987814073	0.551097240774978	-0.284565364219643	0.644268128037587	-1.11785215792362	0.996334001544116	0.653578917136095	1.00451955171651
SPINK1	MO4	-0.473525734359551	1.03596253642788	-0.00837964300599262	0.877476472320334	-0.253058424875335	0.7645303608154	0.656159772557823	0.879512161927284
BMPER	MO4	-0.0995041866662056	1.03543303375795	0.619828940912313	0.971640214116495	0.326796521712694	0.570684348945244	-0.618453116803567	0.83348893852918
TMEM74	MO4	0.034000152901994	1.10188643973421	-0.407823795765002	0.80301330019357	-0.578260938941255	0.950036115997777	0.657906629217911	0.686340916394965
FREM1	MO1	-0.642356680900634	0.691405858045549	0.418854501595141	0.711614177128764	0.834864176684537	0.950570138203018	-0.182470317420927	1.04428288337499
TRPV6	MO1	-0.603857691757154	0.612112956539323	0.235070762637273	1.00312665792115	0.75551628879527	1.25388127365361	-0.0190693451738329	0.816213864785904
FBP1	MO1	0.592270504292437	0.722790632229347	0.456730089834248	0.918413647907018	-0.974164730860951	0.94214614319515	-0.4256057673496	0.70218541883971
WNK2	MO1	-0.819450313391382	0.743828757990774	0.173124695914426	0.916650150258777	0.592872486823768	0.99490218861465	0.357543345439429	0.801858414627784
MBL2	MO3	0.362204113123969	0.552559162695419	0.478349578029556	0.516783725023235	-1.67709000152571	0.860858906547533	0.219342540810136	0.692437684796063
HEPACAM	MO3	0.462004665648297	0.93375618708021	0.380659522020755	0.83020585982374	-0.892082225776038	0.478680671994982	-0.27341615718273	1.0265689681566
PKNOX2	MO2	-0.439430404708066	0.610615738500107	0.787342900472455	0.6593105610808	0.553820515801759	0.923282265722862	-0.540131849939173	1.05386468934487
TMEM63C	MO1	-0.507440953258572	0.595087017002412	0.351877005204997	0.666998815866957	0.377081002521249	1.01194310463637	0.00746894498450498	1.34389843583712
AMN	MO3	0.266978885028088	1.12538956550978	0.225489235806625	0.749032529110954	-1.09800227911041	0.720832731512151	0.186807687751122	0.776331402883403
SPIC	MO2	0.276560364636495	0.831331464800387	0.652143127938487	0.779230962548323	-0.626342696609836	1.00972543095608	-0.468904423650132	0.926405530067895
RRAD	MO3	-0.528393899179509	0.867905831403534	0.40947518703608	0.830100720419812	1.03924792371887	0.872477946063305	-0.416789069073503	0.702927335771525
CHRFAM7A	MO3	-0.537268598203794	1.08859598373609	0.118908546322741	0.728199954035893	0.966155726338686	0.749359801161758	-0.116633672063558	0.822771477137001
NNMT	MO2	0.0100556271304918	0.806904816446114	0.703808085520936	0.51972265266087	-0.0617085749456799	0.932209750269559	-0.571770136212404	1.19406473922923
ELFN2	MO3	0.25310566594559	1.06627830876527	0.144765774901189	0.831808205812576	-1.02964549217163	0.390184685297759	0.228975437394096	0.974507481353512
C15orf48	MO3	-0.574193666464568	0.912107429805817	-0.0285817483416989	0.854248157790033	1.04371957720218	0.827020686049619	0.000966089556934278	0.831991526672544
IGF2	MO2	-0.0708865704994164	0.874488384330991	0.690697099052788	0.783971049373078	-0.498768162749339	0.696799785187412	-0.21340073752088	1.17918757448229
GPD1	MO3	0.519191082810119	0.89776702950052	0.114566066944684	0.827164745684338	-1.24397916431786	0.757183753212912	0.103855704737111	0.759399165458123
VWCE	MO4	-0.101453205793612	0.976292947922473	-0.301548024527273	0.532208377432783	-0.824182842436682	0.887622894874647	0.857351392393484	0.79882005585596
PBK	MO2	0.117625908070776	0.926449456867867	-0.781703329773293	0.896543055985089	0.0716447205029046	1.13381180228001	0.497953794531241	0.693315673367022
SCARA5	MO2	-0.518532774367375	0.910803645250437	0.881365330479341	0.595064166547849	0.397461402227911	1.06638843621074	-0.443177959158443	0.70926801000926
OR2B2	MO2	0.168613080617923	0.981982430822542	-0.661005991206683	0.79440817298867	-0.124349843380504	1.03268262191308	0.459421263905163	0.901879651742624
MFSD2A	MO4	0.491360593185294	1.09839512534615	0.359126806336624	1.01692930573161	-0.317229088337016	0.313933337090646	-0.630848955228479	0.754302028377364
SHOX2	MO1	-0.739480157759642	0.662509152473467	-0.197578497579837	0.570442137441712	0.96949232936166	1.06203910422261	0.36270049097349	0.933326456332927
ATF5	MO3	-0.203775667257207	1.03269419242405	0.185390273770552	0.866527334058978	-0.696675184842357	0.548615051716509	0.474387828820512	1.04036247623662
STK32A	MO1	-0.786440461290408	0.628036930754357	0.586116459289332	0.729225036018435	0.775631157028224	0.994573511527834	-0.137815200257938	0.897209903749598
CTNND2	MO1	-0.612379836261351	0.812930832574158	0.0521018887330265	0.957398908967865	0.0971383617887091	0.878569130078542	0.54042920557812	0.993412568597551
MYO7B	MO2	-0.284066380370899	0.781433263289115	0.611269055456366	0.590126219294527	-0.762968468080083	0.88994095455286	0.236472083099583	1.17770666773707
SEMA3E	MO1	-0.552056243979662	0.616993452971525	-0.279651904280887	0.712024715493291	0.879258670566016	1.17377690319131	0.289807972477789	1.01132900831642
KISS1	MO3	0.47203250324737	0.747675764552799	-0.314046433418857	0.899959483818491	-1.21801966638678	0.414148648549421	0.502117139828355	0.851408871616547
HSD17B13	MO3	0.454709485046614	1.13934976180554	0.266023967134351	0.876507580389964	-0.981864068486257	0.36415103402025	-0.114446890271389	0.791768103231543
SGCD	MO4	-0.218003785826331	0.850444793280555	0.491410654769892	0.696318484818624	0.777169938312568	0.943247862792591	-0.655097044424302	0.919267620622871
GTSF1	MO1	-0.619454525448334	0.662193445399815	0.0411512212684823	0.650596668870625	0.422318085600319	1.04375201136817	0.362057862282349	1.22742864633209
KCND3	MO4	0.542887071954244	0.928420356077016	0.503121256868602	0.653967118901207	-0.463172222770599	0.810851666355915	-0.719781160227909	0.866242308697259
COL24A1	MO1	-0.852367110312836	0.496556902212709	0.090323916545692	0.568197162212113	0.684469777735651	0.720680658886809	0.407528270123249	1.23225256018215
KNDC1	MO2	-0.458833270002186	0.806122338452378	0.694651133357475	0.857495871084179	0.170569852333075	0.938967334784183	-0.211020441251404	1.04318087578484
CYP4F22	MO3	0.148363167288204	0.855633032988827	0.155006251748576	0.663372467688284	-0.945282534892995	0.837254467660804	0.279632881296893	1.17984357355014
GAP43	MO1	-0.625211574334031	0.80781052553663	-0.301425681897981	0.690452715948074	0.835420024054109	1.16962717183035	0.411431968231551	0.786699901095177
SLC9C1	MO3	-0.46520406310826	0.915190134678415	0.0576383572143682	0.768163681068024	1.25485810427833	0.762233878857579	-0.31344319993554	0.759299556770971
C2orf54	MO4	0.224462653157016	0.78607284745468	-0.249917838569616	0.920404479180613	-0.955996475698138	1.14476145194121	0.55034226238819	0.708135964952154
FADS6	MO3	0.573377018500495	1.14506822613532	0.0175768569877286	0.842176649359862	-0.82460360026195	0.565072074840765	-0.122224037707919	0.812667964554418
SAA1	MO2	0.16428112135519	0.721176989784887	0.679837138786878	0.742384952159931	-0.498084084719596	1.11681601757685	-0.451506294560038	1.04079547653652
SLCO4C1	MO1	-0.659862378520675	0.88041986522253	0.118278930112272	0.546227734936264	-0.055108589220194	0.856919843783155	0.625383560383394	1.10990289396613
PIFO	MO1	-0.522677793377368	0.683357795440425	-0.14012947176553	1.09320853007774	0.557546425330531	0.902483366815596	0.333393878848619	1.01450920976786
ZNF80	MO2	-0.47815099534523	0.762554408721195	0.987008734853889	0.698603785279189	0.263585526034306	0.944294021767081	-0.495050195133897	0.816129261033076
SLC6A19	MO1	-0.470882339357517	0.463283183670772	0.0810046392542916	1.03402049374977	0.08728352293883	1.10320920169839	0.373202399195947	1.18249332211789
VWC2L	MO1	-0.628190933772414	0.497772620017233	0.520620690499366	0.763043159033609	0.877178789964305	1.22296555867499	-0.309234380442009	0.865596461584624
TRAM1L1	MO1	-0.621334725117764	0.761579654412914	-0.197621122674495	0.756313346725069	0.455911034613335	1.03278072894683	0.546832794878972	1.00705093451335
ZG16	MO3	0.549093746731468	0.847463192331499	0.0587769816082735	0.798115978671385	-1.50904013753777	0.251053420926703	0.278915214087586	0.668004807886375
UBE2C	MO4	-0.433975695860512	0.782315287609443	-0.560858216654668	0.948052209854952	0.455972867957316	0.993412066998105	0.658820244035616	0.76243590697669
DSG4	MO1	0.831253118597361	0.968267238164683	-0.446933342817643	0.697620775536405	-0.564773346905876	0.835007974938167	-0.154058424988707	0.813830765711423
KLHL38	MO4	-0.370506687780138	0.823078298336276	-0.453714378394554	0.855682706188986	0.131977512661804	1.01438819998741	0.695502736207434	0.921985746994279
ACBD7	MO2	0.25541754010409	0.760399797186504	-0.841507809131688	0.844681562757247	0.149853021813721	1.13490388915339	0.357181407564407	0.906776598318542
PRR18	MO3	0.174393495970185	0.934011454188708	0.207121297379763	0.612354674984151	-1.12691708022338	0.941186505469971	0.316983974592537	0.951226459002127
KBTBD11	MO4	0.384687608653407	1.00331274567175	0.465641830359893	0.69397759440432	-0.182310453341111	0.960860151308857	-0.69033127288732	0.86700246351658
FAM9B	MO3	0.254562226946537	1.07275411527039	0.301540227885796	0.912273816704052	-0.891736178935885	0.422110169856668	0.011442175364741	0.98024160277783
C8orf31	MO3	-0.514057392881715	1.0833011796486	0.399022006660381	0.718804306972215	0.744890257651769	0.653506019381638	-0.246342597726584	0.930094041853128
SAMD12	MO1	-0.669631076485542	0.879165489993972	0.241713407316208	0.697469030512944	0.419024420620553	0.972503080061306	0.246241581718711	1.06684825599819
C5orf46	MO3	-0.277086852841009	0.940080773859134	-0.116991167266119	1.10022736865051	1.01915825604151	0.862065938389006	-0.221111265965644	0.668667966822112
C12orf42	MO2	-0.498554367598134	0.867380170404302	0.744760843289722	0.875366816988052	0.281966655971898	0.990192074571135	-0.278744624401362	0.85070832988943
HTR1D	MO2	-0.0812847396310263	0.881806586741438	-0.50791188037978	0.52047435502602	-0.211997679137342	0.894477461674781	0.644272682417795	1.19092350908631
ALOX15B	MO1	-0.600913686309358	0.868245623018128	0.210555757915932	1.00633868829222	0.824848209305528	1.00596391279404	-0.0429219491870328	0.727282470909485
NRXN1	MO1	-0.547920493428282	0.557860564907357	0.236455022224109	0.924438412788495	0.769286990966844	1.43653760363926	-0.0872424453709034	0.791185359136036
FAM71C	MO4	-0.448045911366412	0.771897368327628	-0.353034953796592	0.676829950019417	-0.115259710906785	0.850444531379654	0.839683744205907	1.05638110594742
SLC25A41	MO1	0.682466953960097	0.9390714217519	-0.293537767295965	1.06864014859182	-0.359149809411062	0.544411916632317	-0.251593313809894	0.911077304386785
TMIE	MO2	0.364649246754577	0.751556172491598	-0.687571547813931	0.536938032341992	-0.355455342202599	0.547486410923417	0.414827311871094	1.33783558171578
PNMAL1	MO1	-0.62865308655817	0.44254954911363	0.287276824987771	0.75935835951104	0.998321776764575	1.20070612047713	-0.183092626412272	0.964252096603955
LDOC1	MO1	-0.626840648999041	0.743122706889901	0.419604723588033	0.649400646705533	0.821044226341056	0.927495712859988	-0.191107869405468	1.06821600596714
FAM153B	MO2	-0.422554161506136	0.7511408019729	0.616072428933891	0.744499870729944	0.449161129306498	0.707871193158661	-0.349476372596264	1.21979045472866
B4GALNT4	MO1	-0.64368057632275	0.540863365835038	0.36780470581451	1.12459657599805	0.949863934213081	1.00671880702918	-0.206687755331294	0.691438955118374
GLTPD2	MO3	0.354785330683908	0.803987945578586	0.361154050792597	0.909395686717921	-1.38524408589908	0.850357280754118	0.151640911147637	0.586626840625472
NTM	MO3	-0.553007583862949	0.819329832697945	0.250023167345275	0.757164804585806	1.34923449889403	0.566125613044177	-0.441402428523806	0.712627701841446
MAGEB17	MO2	0.295364827577968	0.944710625851027	-0.560181434362427	0.49831180340372	-0.0715806259470816	0.83565795895391	0.208969525819445	1.28543013444617
PLCXD3	MO2	-0.498737488497358	0.940728463680546	0.684677856485164	0.660178015778845	0.598622133198789	0.894399374565969	-0.417475095009437	0.875065438952234
FAM43B	MO4	-0.42984342832935	0.710146579116407	0.598911697973744	0.74801714791472	0.927024984760881	1.16842238784466	-0.613954334388393	0.611936041504468
CTNNA3	MO4	0.490343752821357	1.21506491698798	0.332150927442666	0.668188096319134	-0.301255705979818	0.628289223174924	-0.6164358052008	0.806973155344949
PLGLB1	MO3	0.499892388908221	0.851910884026093	0.550681840525425	0.760369620877938	-1.49490240097875	0.433666471814811	-0.0960251322129958	0.550665594296999
SLC35F3	MO1	-0.625709454547447	0.497830105633489	0.265042029722307	0.965419015654365	0.948607329530671	1.16758238162475	-0.137455195707544	0.844265966931883
ZNF730	MO1	-0.664217517011641	0.74010058875963	-0.337453800644785	0.596386771759883	0.722990637591165	0.674348263622862	0.550469740855592	1.11964051010582
DUSP5P1	MO2	-0.289947631115905	0.771444286634925	-0.675316306674499	0.741661135237022	0.786524564055695	1.0469742634326	0.406549134911606	0.91741471494977
KCNH8	MO1	-0.779766718877749	0.689275954436331	0.27244040383684	0.852092686473794	0.476384808628928	0.687292956439286	0.301349826382966	1.12658746828988
NPW	MO3	0.0824256053584678	0.889276387245837	0.454746853968483	1.02272727862746	-0.86707431896437	0.608552597711893	0.0471628798790206	1.01696217140753
TACSTD2	MO1	-0.666539216026039	0.506733668931428	0.52695958534441	0.951430863952098	0.96875938472288	1.11485441761181	-0.329305101549136	0.658058419167651
POU3F2	MO4	-0.273619656600139	0.696241301235122	-0.576195927940649	0.757448616896276	-0.175400746721079	0.915758281508015	0.882307626212346	0.966431014265522
DRD1	MO1	0.840352225839743	0.699738257119562	0.110673487315735	0.555725287364229	-0.667682868829184	0.719569502104798	-0.575832580052595	1.06501621205503
NTF3	MO2	-0.119927430009621	0.862000491837886	0.782243729375341	0.654854501541315	-0.0188713326764352	1.16557697256852	-0.527660568853077	0.919275320778231
NAP1L3	MO3	-0.509663561473322	0.745303442841086	0.426885211940021	0.581700862915599	0.818969362621526	0.617679989364363	-0.319087308174945	1.24904048214736
PCLO	MO1	-0.702891526881677	0.733709268986778	-0.159703139932049	0.884311609654557	0.746260069710908	0.729654356182047	0.426027730341457	0.993222740714599
RGS7BP	MO2	-0.246257375957243	0.917020613085857	0.682094640808571	0.59389519834052	0.0591289177142105	0.896972713777026	-0.356687550560707	1.16796370373532
MPPED1	MO3	0.392963267307443	0.976233983803615	0.184077197003602	0.747141774134832	-1.27366226175436	0.472545731823452	0.195120308926737	0.873728657864946
MT1X	MO4	0.279531034344912	0.847160639230035	0.497016118073132	0.860064624980105	-0.0331049640407526	1.11118481634729	-0.696108307999868	0.848656773983972
PRAMEF10	MO3	0.417757751229829	1.04351310489614	0.0591194694903296	1.14246653606479	-0.669451405550705	0.498600518373597	-0.0872263445276783	0.869021956233021
SAMD11	MO2	-0.332459317443933	0.998437418916472	0.702159996138138	0.70550857935864	0.477702566000908	0.97582369948054	-0.534375253001832	0.777035202385405
ERC2	MO1	-0.627690058750933	0.73738071413636	0.0270160937711929	0.597385143681122	0.472831556848062	0.643101954042033	0.352411947874129	1.34581396920778
ZCCHC16	MO3	0.119655026738258	1.16667956842629	0.0661122372761367	0.856769625255758	-0.673140245015241	0.593083505013887	0.222050967249258	1.00954826098524
DMBT1	MO1	-0.678434717183432	0.317226509522458	-0.0158249974634268	1.1951460218909	0.380578114301955	0.999888834372018	0.497460832305343	0.939719494032133
PLA2G2A	MO2	-0.305983122922737	0.944761227662043	0.848936591730007	0.660786500963697	-0.100324401036648	0.93570864633093	-0.340119183279644	0.970049359796861
IDO2	MO4	0.540882916201032	1.11010697460742	0.462506907175139	0.87830363996397	-0.516542103344597	0.616404810922325	-0.651132671103193	0.579003224103977
SPATA41	MO3	0.658536086937744	1.05589635562802	-0.0298947856193074	0.609096917856869	-1.13193662060962	0.664254915264133	0.0131096488575505	0.774971330636819
ZFP92	MO1	-0.680105789974604	0.884423045828378	0.560031204503768	0.711556975664922	0.668528751543685	0.817931919978433	-0.16303269528108	0.944674494818699
MYBPC1	MO2	0.282912921299795	1.10423726046414	-0.604371993062862	0.526713732866114	-0.0938106593035447	1.46313854775929	0.272944022320776	0.613013412435918
HRCT1	MO1	0.705806052130891	1.01193479424342	-0.296605152776093	0.668673679243598	-0.410367190248412	0.87183649511544	-0.242761660728709	0.969216352453607
HSH2D	MO2	-0.508222314606891	0.805306175240238	0.916552395278049	0.645375074810349	0.457479846871441	0.996792941902943	-0.519924013771972	0.754384202490397
SULT1A2	MO3	0.575693901011224	0.862636176946001	0.372545914977808	0.598468772849125	-1.39326931617191	0.570036088375936	-0.0851810340897771	0.796483936758767
RP11-366L20.2	MO1	-0.586318754440311	0.715543504671482	-0.295719063142992	0.540462276194819	0.806264394667907	1.06814199509276	0.383237259033126	1.07830728052446
ADAMTSL2	MO2	-0.161542531839674	1.08180002487956	0.783222535850961	0.852230812530816	-0.14824573585771	0.604010548402724	-0.407172055527033	0.900419288956707
UGT2B17	MO1	0.736781607278389	1.02797934808998	0.0116771056870216	0.7007778531859	-0.566075864097343	0.731621176234742	-0.443900709017871	0.886489329764659
DLGAP2	MO4	0.186373315330052	1.03943509225672	0.576262191647852	0.881285101153008	0.144039071665273	0.761377486796091	-0.771938286996393	0.727169054099815
EPS8L3	MO4	-0.306476352873526	0.90450137359217	-0.289039558529406	1.20922232306898	0.0198503997416839	0.984095280532152	0.555573555422187	0.688953133908223
EGFL6	MO1	-0.601730492903352	0.68527704546461	-0.0198615525721015	0.782778205446488	1.0850016869682	1.27822618882681	-0.00230167494611522	0.728889871700457
RORB	MO2	-0.519357965528654	0.710493866831246	0.885255319076556	0.736804761366962	0.381606959058648	0.739175016092376	-0.436105332845174	1.01746727580892
RNU5F-1	MO1	-0.567211665023152	0.788678542246894	-0.347313146141296	0.600393716078248	0.831286676832295	1.14521007768649	0.392016416395034	0.923170919579424
RNU5E-4P	MO1	-0.557240163153996	0.680658527297797	-0.550516191884921	0.747210313247873	0.797782345849459	0.883416981727774	0.574371526904204	0.926444453088374
HIST2H3A	MO4	-0.541235727672346	1.05879495903828	-0.233575669879207	0.872035986345189	0.284281467451876	1.03993377249733	0.596267952982164	0.622228313914866
RP11-261N11.8	MO4	0.61490049762306	1.05616582553787	0.512327845933305	0.629058285274719	-0.748195492444818	0.709242189126403	-0.632206896080631	0.637098492302891
PSORS1C1	MO3	-0.469360951902175	0.859200256617052	0.0867421082776789	1.01946797662382	1.1917706356057	0.668270990546707	-0.295964173902166	0.693735272467697
FAM83A-AS1	MO3	0.411724412390677	1.17874826718148	0.260476797997931	1.05555035654055	-0.606362644089451	0.463996778553477	-0.289898324854781	0.73304118570566
MUC12	MO2	-0.467722601975894	0.94318453266214	0.768779425793894	0.599611888475504	0.416137720916932	0.787737472308927	-0.41203641240028	0.987146962600093
AL592528.1	MO2	-0.453224612501379	0.760527222859786	0.729926401615894	0.730410264844345	0.594099246209392	1.17940313896163	-0.501011145972697	0.759786802602899
RP11-89H19.1	MO3	-0.524481125435152	0.85392737931833	0.166783401338904	0.927831334021625	1.04379235475657	0.84380437085265	-0.217336122285101	0.812464020532466
SLCO1B7	MO3	0.39338780492672	1.1332670520767	0.376368213941527	0.815957572687744	-0.832688051045083	0.689339273248281	-0.233357346396305	0.806779566574316
FAM99B	MO3	0.224198885869716	0.805235213001366	0.320165065651152	0.875132916443705	-1.42737004277439	0.268201882168525	0.348872889697951	0.83684606168908
FAM99A	MO3	0.276648122400088	1.04402965923801	0.525363604280432	0.681109069138689	-1.4169259189914	0.346318546625729	0.113115959236381	0.641166614802055
TRIM71	MO4	-0.484734669094264	0.89203062018699	-0.285956461855447	0.838309416779039	-0.266806300064467	0.925317204334749	0.912118175164787	0.672984104772704
XKR4	MO1	-0.471446480841261	0.518101390837612	0.291413550787208	1.04900478133116	0.742676192380217	1.32830946620915	-0.198288428713933	0.830346340827766
IGLV4-60	MO2	-0.370232728609325	0.700926795293693	0.858656882890201	1.00127561445098	0.175926559331741	1.09946487970846	-0.446669921015924	0.727720873875299
IGLV3-21	MO2	-0.51933623016582	0.764932274723295	0.886954192202305	0.636161745184987	0.513455064654033	0.975921214589902	-0.516681060490268	0.820951821377853
TRGV4	MO2	-0.475833457862042	0.62413195885945	0.839661593099337	0.75859550812651	0.460983305269825	1.05465072313538	-0.490677206541186	0.907886156278622
TRGV3	MO2	-0.383570316611011	0.786052919304708	0.942876828317104	0.597458741761333	0.248985252168108	0.913736071209643	-0.548087622928841	0.94010627945067
IGHD	MO2	-0.477321702161925	0.694172243899846	1.06896160677096	0.864343068448005	0.0625856115554593	0.803194128380746	-0.444980945418573	0.797874937755664
IGHV1-2	MO2	-0.502878527584616	0.703781078747176	0.832247195217189	0.733067209048562	0.502019799879447	1.0705805082419	-0.480599541898432	0.832208372739706
RP1-29C18.10	MO3	-0.448472264993133	0.963490049275652	0.587891049718058	0.840836229921674	0.856059317041087	0.595484638922834	-0.542447104242212	0.741366277253124
LPAL2	MO3	0.349109842213475	1.1773583784458	0.31871604404193	0.69774254861259	-1.02094763080254	0.563209737371097	-0.0249053932782638	0.833226727262545
RP3-352A20.1	MO3	0.549042850971274	1.04948102482488	0.174158563016626	0.945321940054999	-0.792971177911177	0.719127984760935	-0.248747065337264	0.773096225412664
RPSAP46	MO4	0.129694804122203	0.949780932042902	-0.602586796760686	0.858805427597146	-0.679437245000313	0.62063352576001	0.783681579918458	0.745924142739389
KRT222	MO3	0.245748342562464	1.03482252371809	-0.14978857175838	0.670631491677175	-0.830531855389092	0.607531978915892	0.367603639537491	1.11678930811207
LCNL1	MO2	-0.520271489158158	0.83614460091151	0.864701041823149	0.848634669720244	-0.0269337204758205	0.868142180724461	-0.172550589648118	0.923506695773396
MEG3	MO1	-0.533725775194984	0.727999618396134	0.430707412266911	0.616306659205569	0.575943480859936	1.05651418530127	-0.151255324988103	1.18033607961108
CPEB1	MO1	-0.473111291302318	0.518808819597355	0.365229465042322	1.02921760991972	0.404909992024351	1.1755254036216	-0.0566241846331508	1.08743835450423
FER1L6	MO4	-0.470574046719449	0.873416883670928	-0.0578920192189923	1.22195085880435	-0.164905192970478	0.666013706910748	0.642254081173852	0.784372865788869
APOC1P1	MO3	0.439605522651839	0.613373255053498	0.320761948799021	0.941775097335272	-1.4180635186504	0.812489820065639	0.116604655926642	0.71864957574652
EVPLL	MO3	0.469736087139819	1.03937708992033	-0.23333187199661	0.860554876748892	-0.71537502334652	0.541886510657867	0.134334213708221	1.03246492936417
AMD1P4	MO1	0.602931580034638	0.79578248554862	0.178786612359534	0.784609393608637	-0.860403304656975	0.82581571334585	-0.268804796747789	1.03814168139961
RP11-313J2.1	MO1	-0.611613436311294	0.826189780937748	-0.32955867281963	0.461818115083915	0.591472451083022	0.688528439932197	0.567435509373731	1.17834469625028
ANKRD20A11P	MO2	-0.406478213476343	0.884277925473667	1.03293271175156	0.710219644579197	0.0189353368212144	0.741504112677474	-0.46255188293139	0.838265613720393
GCGR	MO3	0.529825975327335	0.860324164150562	0.374517612508886	0.712231992782635	-1.24970968845275	0.603010115877385	-0.124831431654601	0.881033129040916
RP11-364B6.2	MO4	-0.36706354842514	0.773767823188564	-0.398373559975703	0.754182324382726	-0.10410071710609	1.06852514852595	0.786494682089398	0.955232413746798
FAM8A6P	MO2	0.23098700534976	0.99278457595128	-0.541107660918011	0.44954108937936	-0.295552292132495	0.67223815018834	0.394736531442558	1.27363281304886
TDRD15	MO3	0.23055372343587	0.892614814139717	0.525112596232861	0.720270811143818	-1.1329076482818	0.635910140848506	-0.00868252743651393	1.00285858173596
CACYBPP3	MO4	-0.435010266634428	0.845667617220774	-0.442784144314502	0.801177458218322	-0.12180015639389	0.917680850272657	0.90620739646981	0.76962347408377
FAM19A5	MO3	-0.336849705803694	1.14774411173862	0.341216455879525	1.12350625716524	0.627556740611415	0.474095655635853	-0.312875840770566	0.685915045386487
HEPN1	MO3	0.424057510070981	1.15362244219673	0.0620912989505895	0.974638367425479	-0.628571598931115	0.495127967890016	-0.120895030323862	0.906477197291956
RNU2-36P	MO1	0.751187825777505	1.12875289216754	-0.400578062372397	0.669589112617255	-0.437395350694072	0.773484686132286	-0.185818653633399	0.801298929413233
LINC01767	MO3	0.490390168931501	0.777624836640358	-0.260158020272082	1.06171688043746	-0.955480370115404	0.655862481077434	0.279512861922436	0.900871073715234
AC104809.2	MO3	0.170631511041337	1.16596902629105	0.259033480617592	0.750470742378045	-0.636190238928078	0.544028468024414	-0.0176274017615095	1.0985211723862
ARSEP1	MO3	0.540886527162654	0.993655507570166	-0.391344451784948	0.812644015256068	-0.925951212222793	0.462293169101514	0.320282657830095	0.895848222403172
INHBA-AS1	MO4	-0.0142906090316697	1.11538573060459	-0.519741881133335	0.59266871245874	-0.300250886101854	0.914438120680044	0.6369362701077	0.903441861118782
RP11-191L9.4	MO4	-0.450226012526779	0.778363531977439	-0.351838009869454	0.810762148504024	0.158486898399011	1.10454704819832	0.676707482502748	0.949351415755054
C4BPAP1	MO3	0.513105276322632	1.05711193394733	0.0644899209301876	0.994587301294883	-0.699108655407082	0.626932335313884	-0.174111779685173	0.871438201875834
RP1-293L8.2	MO1	0.629608469617318	0.936686784196955	-0.281783835220606	0.847462184907826	-0.384757046570905	0.985040270147358	-0.190718405218126	0.948950380393884
LINC00365	MO3	0.586783092385089	1.02250220772689	-0.18588513346338	0.805229037420602	-0.831364943947815	0.67194456541202	0.0406990828082181	0.934815795775199
AC025165.8	MO1	-0.573149674309726	0.851338046470568	0.33755486449678	0.641438603208278	0.768917986192052	1.027484699442	-0.146465268512282	1.02466925824502
AC007182.6	MO3	0.353257052923646	0.936360930771318	0.388252623729154	1.0164031486293	-0.865876413603889	0.67878682287516	-0.181408787577276	0.88937653024833
LVCAT5	MO4	-0.262746697352684	0.897059542273576	-0.531629745260644	0.852745874017359	-0.0641864080262607	0.965041160175387	0.766281160507622	0.826498183042368
RP11-2L8.1	MO3	0.512855912525648	1.02782442862025	0.415740162245042	0.899789116411751	-0.876324947109103	0.431675116255537	-0.366082877794754	0.811445519631213
GAS1RR	MO4	-0.217964463295308	1.0053718055618	0.474189593490879	0.803622053117995	0.619712327029031	1.16738488202042	-0.546025864224593	0.651691000135961
SMARCE1P2	MO2	-0.211892813781301	0.79306880638116	-0.596998051218853	0.661788965917327	0.290658646833231	1.11709320109702	0.555540609906452	1.06371874273586
RP11-128M1.1	MO2	0.174163048126422	0.795013554120392	-0.862070961038021	0.704617389125165	-0.138874210638419	0.955522829125429	0.633213642732626	0.941739623711193
NPM1P11	MO4	0.503195280041371	1.14646431107055	0.47712816652501	0.858668757182244	-0.342039075501967	0.545282191705328	-0.728690540288518	0.581905480218732
LINC00511	MO1	-0.746913908937302	0.579210493311357	-0.321924837490088	0.949431379037077	0.914250072893236	0.869255921555871	0.509345672514801	0.756018956211
TRGC2	MO2	-0.535685894044057	0.842303395786575	1.02088896019383	0.468821591754875	0.27525074982829	0.908262851271535	-0.470435877315474	0.831621810063943
RP11-563D10.1	MO3	0.228907188828519	1.09283391974825	0.182471245176406	0.844970207802289	-0.871331549522504	0.492060059421554	0.127345823043612	1.02407782275844
NBPF13P	MO3	0.591881752964852	1.02688493214737	0.300259017505953	0.660661175844138	-0.760353331802027	0.455796862331006	-0.420484006411939	1.00729150999043
FAM155A-IT1	MO1	-0.506122863243688	0.606306169263222	0.170093904332585	0.817662062160463	0.547501852993044	1.2774094712561	0.0583480759273488	1.11130062385088
AP006285.6	MO3	0.121551481830033	0.978466758635501	0.0197593621767405	0.824607199134655	-1.18938132884948	0.306582354265879	0.569204283537923	0.863474936050974
LINC00355	MO4	-0.28594739318165	0.933893637265087	-0.552199393323703	0.930867499165544	-0.00432265799159266	0.898498782522822	0.772207841960836	0.724939405901613
RP1-153P14.5	MO2	-0.0383195575762099	0.900707346476764	0.822850585093429	1.0575883623443	-0.214752969770497	0.827450480881811	-0.530335680012097	0.711833237265232
RP11-268G12.1	MO4	-0.493702008221706	0.871065998619669	-0.301129966114796	0.908048109258238	0.143412568610056	0.988633127667868	0.688300038664334	0.842884808722388
TPRG1-AS2	MO1	0.579577149666219	0.802222437341645	0.284295317360043	0.80939878633984	-0.691595782019088	0.842471839363798	-0.435249557694115	1.02296796390213
BANF1P2	MO1	0.713499861236208	1.01041288697965	-0.0638680802004637	0.828171079841395	-0.707100451106382	0.75116426760695	-0.270626715463795	0.83274991325732
NCAPD2P1	MO4	-0.244083395122761	0.877983940144817	-0.427314418320167	0.766125812294506	-0.338670193238774	1.01432520854914	0.822706936394306	0.846221250486525
AC004160.4	MO4	0.444743331633205	1.13500636924444	0.317733750223021	0.840757435932262	-0.296945365950571	0.944173006708888	-0.558886966334091	0.686101927920712
RP5-828H9.1	MO1	-0.531336200453776	0.732821740308422	-0.135124771489468	0.703664106458082	0.085387031090863	1.10746772935586	0.621526847587995	1.09528510077427
RP4-781K5.6	MO3	0.333703535342781	0.661017515411509	0.0961549989858678	0.766354245510888	-1.10230038040975	0.505211519385721	0.229259766997943	1.25507429883549
CYP4F60P	MO3	0.467610320163948	1.11379195464015	0.00115083060624538	0.858890111442057	-0.740454742494438	0.539222626893321	-0.0476961966907914	0.972551045755576
AC022816.2	MO3	0.365904821817522	0.640395157566351	0.449478102325982	0.588898603385797	-1.48009742747412	0.493793609090361	0.121802006598989	1.01917909094061
RP11-478K15.6	MO1	0.65453360925329	0.762435814029688	-0.147359909057806	0.892057538737574	-0.813259313092454	0.941579874006983	-0.0740487791613476	0.95908565987524
RP11-740C1.2	MO3	0.293317582399171	1.05332933905834	0.108189834853457	0.832475914066913	-1.3668541855322	0.171052385172261	0.420167690174752	0.625923002734067
ZNF826P	MO1	-0.802965795536575	0.740200702794824	-0.152340676534543	0.55633983891448	0.607053143245226	0.532390130767173	0.60837177442063	1.1288827683294
RP11-436K8.1	MO1	-0.76244204164668	0.669542537320109	-0.0569537135166821	0.817577115202298	0.444854779129486	0.987649482128179	0.582061932740503	0.951339282771276
LINC01750	MO4	0.62732724857706	1.01322963371745	0.3581325639647	0.575839936868181	-0.419897007910759	0.884886039130129	-0.711168085629453	0.790499441341906
AP006285.7	MO3	0.067155333051612	1.16189663596177	0.328224524758097	0.663943994828672	-0.943663899458329	0.2203748824066	0.216694393926422	1.04783674094687
RP11-227H15.5	MO1	-0.512768127529304	0.621226980763499	0.204888541123334	0.932380054466829	0.0645531563087007	1.17682474241243	0.325519380165715	1.11764963178799
RP11-14N7.2	MO4	-0.470718038592161	0.737636474901504	-0.490250146772737	0.586778160690378	0.31071337384204	0.933941531326799	0.724538540973372	1.09105471095132
RP4-669P10.16	MO3	0.438451721791377	0.874453776136398	0.172295141613276	0.871272959685445	-1.31571806480172	0.67314918392044	0.182605660628802	0.746724785312921
GAPDHP48	MO2	0.213658204672306	0.796842326196531	0.7799692278486	0.867871037719377	-0.586936186277511	1.01563711662892	-0.535153246810724	0.786082837683007
LINC01762	MO2	0.018132600305832	1.13215658808815	-0.687679054621418	0.639408413253895	0.15741079427786	0.684974186548347	0.471041489540365	0.996854708629373
TRGV2	MO2	-0.4050079236127	0.852214057521975	0.871284986165828	0.613762880508253	0.226357721522225	0.935983333048314	-0.451148551360953	0.967228307077407
RNFT1P2	MO3	0.54313068390374	0.930827308925957	-0.26139785765396	1.01091255863403	-0.93552239804498	0.862178286973327	0.213214399733927	0.663927877684192
AC104809.4	MO3	0.0223585243035373	1.27887488539091	0.513432724747517	0.885305692403758	-0.680394295798087	0.557331501917051	-0.0516576890752514	0.733843184130556
RP3-467K16.2	MO3	-0.206309017521377	0.99752567930226	-0.202065542264658	0.83288101439501	0.905591298350001	0.730194628086574	-0.154974599687595	1.03174181092248
AC010091.1	MO4	-0.429916753801189	0.723182663325605	-0.462592515360127	0.526368170576541	0.27873911227636	1.46592179614548	0.67737276218154	0.822084854329107
AC009963.3	MO3	0.400497709280253	0.868616247424386	0.403610537229806	0.79745546273994	-1.28518826614039	0.413271471639448	0.007521408294636	0.914707224679267
TWIST2	MO4	-0.360409063312193	0.579278077662306	0.587637070567776	1.0377885832011	0.781766479279944	1.30240199282576	-0.590121881072773	0.429254536607618
AC026904.1	MO4	0.536461561594656	1.1177481162885	-0.0408619649028031	0.797647672215902	0.262119071558564	1.01807133451009	-0.685823412442144	0.567923473279941
RP11-364P22.1	MO3	0.349628441933598	1.17114931536553	-0.0458539774192399	0.805508101281347	-0.676753697519435	0.553166235781579	0.077918235287737	1.01568266548495
CICP13	MO2	0.327635669487981	1.05371933424238	-0.605543622141517	0.698027462025843	-0.336269600264541	0.689271817705833	0.372456386016635	1.05512083726365
RP11-119H12.4	MO1	-0.78955398346751	0.505540854358814	-0.0271687784625563	0.931914460129587	0.666764601376595	1.01894448450401	0.452066383508102	0.918991866132982
GXYLT1P6	MO3	0.416101383211477	1.08079861559696	-0.197744790792569	0.807860129769662	-0.841038551408442	0.354682042310043	0.235799750646699	1.0236829060305
CNN2P3	MO3	0.392458915190797	1.11846752234869	-0.119099709320188	0.825978511597953	-0.705597082499061	0.432712691491912	0.112511141471259	1.05884471172845
RP11-297K7.1	MO1	0.704015015248434	0.715360219562008	0.0350266801705073	0.905355578779712	-0.614285168543201	0.927969910083781	-0.400417343029867	0.973707318991674
RP1-287H17.1	MO2	0.177654103832369	1.0455916347973	-0.50447853697388	0.435462331161953	-0.381820304180807	0.639613805031294	0.471362129912295	1.22298635353581
ARHGEF38	MO1	-0.517210736554198	0.521605241032862	0.224218958089003	0.936802533236643	0.565424572783673	1.51428470461865	0.0132304153360522	0.857814521822901
RP11-472F14.4	MO3	0.465667752663972	0.891233247053648	-0.0150338968901225	1.04815109484213	-1.11407742005537	0.851762557646647	0.192274124092654	0.622584336863556
TUSC8	MO3	0.495448575069341	0.890870238285911	0.0149226790538315	0.550497638459525	-1.30278114846264	0.755933792906175	0.248763408059017	0.895288162877695
AC007386.2	MO2	-0.41840016908922	0.704008704159622	0.714114050590933	0.861279792666892	0.243023966077542	1.20089800944471	-0.313491145105137	0.927222141282036
RP11-624M8.1	MO1	0.691210271710491	0.971033434694344	-0.149588324185159	0.900097391133406	-0.563495827366313	0.689738189044239	-0.260523213318843	0.928058660306327
LINC01370	MO4	-0.468022243408528	0.801842453148387	0.192064651228236	1.00978224982168	-0.564606642688858	0.670482891593836	0.666932387648268	0.944039324559288
NFYAP1	MO4	-0.29696564532046	0.911127506009375	-0.552891501617068	0.906481240913649	-0.0337131748587991	0.939020673787911	0.80199960887627	0.711701568936084
KCNMB2-AS1	MO4	-0.556319468226699	0.857574141615879	-0.400876621664401	0.539508410172115	0.168613284452367	1.09683345926448	0.823712599381354	0.835346601230302
ARMC4P1	MO1	0.671400917513688	0.932917596971098	-0.287605571415017	0.968295990578056	-0.252454788541805	0.891078554081322	-0.309033354561526	0.867850505370425
RP11-495P10.5	MO2	0.100190010007576	1.02028083075992	-0.75727353946059	0.560732091876573	-0.200419874854783	0.667774963226813	0.658734922946417	1.00326652095712
TCAM1P	MO3	-0.122627316058118	0.659009266391413	-0.18122102448099	0.733389692075801	-0.536646013082589	0.418850641580337	0.604784160519419	1.41669267637127
SAMMSON	MO1	-0.526536360064658	0.69014305180006	-0.463033281751377	0.579695613145609	0.737427855477141	1.19771044046383	0.503984754270277	0.952703273082686
RP11-553L6.3	MO2	-0.405999503567345	0.668556309443371	0.92441350811908	0.955216260071736	0.104633626565409	1.06539231333383	-0.422232179094751	0.770859368288527
RP11-384C12.1	MO3	0.552605481708446	0.904383369451128	0.116106983357823	0.992569611409802	-0.755692808393742	0.620500515481925	-0.225511006611773	0.97687758875594
TM4SF1-AS1	MO2	0.204642344425127	0.964306122626722	-0.677323250187494	0.829517315731661	-0.190622012616449	1.03789708007058	0.475223508582855	0.855689450039085
IGKV1-8	MO2	-0.488219051639049	0.837482501771045	0.980135035897409	0.74745316512368	0.268142467384103	0.897481844650704	-0.481370256722258	0.737681492115357
PRICKLE2-AS1	MO1	-0.688808773215824	0.99106077471672	0.253131093048645	0.839413660418336	0.58462165568689	0.782975938093496	0.157314789373132	0.90871001636953
UGT1A9	MO3	0.533472594357489	1.02861499161022	-0.0360378550753222	0.687247775082117	-1.03047760469042	0.878048824711436	0.0887725155529139	0.824067349207662
TDGF1	MO4	0.147107949093289	0.983922567276959	-0.438422316671082	0.831659928305053	-0.740019140739639	0.69770538464849	0.66220710706625	0.8630629091506
RP11-553L6.2	MO2	-0.354602022497027	0.774726199386946	0.886877211201678	1.01351923844371	0.234243648821135	0.825612505081708	-0.522059695192229	0.758846702992556
UGT1A10	MO2	-0.122808307089256	0.934529480983239	-0.618271592313911	0.423840865422216	0.435900261104251	1.30167234694863	0.392939419247993	0.968930614973209
IGKV1-12	MO2	-0.557751612542807	0.861312373268054	0.909005028515353	0.686614885461903	0.547861237522022	0.80047404606846	-0.515731823581315	0.728020684077123
AOX2P	MO3	0.509381601810032	1.05565961657723	0.212614009133437	0.734369370653503	-0.902991504498293	0.512466650370606	-0.173777686964979	0.989098448294998
PTCHD4	MO4	0.487735107212885	0.900551116096931	0.250306917635662	0.761965441897047	-0.215439085397878	1.20391432365836	-0.595619291325115	0.85329899354696
DRAIC	MO1	0.573892877559073	0.714988019152336	0.120671217660916	0.9777029212462	-0.919600325640382	0.971879174761343	-0.153397861064576	0.897622562731943
RP11-410D17.2	MO3	0.460073505189394	1.09160581549382	0.0693075392187161	0.894797160160783	-0.814319106134044	0.466698616339579	-0.0533971251043461	0.957528817637065
CTD-2506J14.1	MO2	-0.420056834883188	0.794825821589219	0.928022209020086	1.0506231665422	0.1182012360819	0.811801267152545	-0.418679942688866	0.704687752029501
RP11-650J17.1	MO1	-0.608293326701294	0.737636973901048	0.0065527884295927	0.728918857623579	0.694873684485611	1.05107546989555	0.216213912179837	1.09937748114475
LINC01085	MO2	0.269570960677736	1.22961580655214	-0.680083868310029	0.623369239746902	-0.000550018357267478	1.08295599177895	0.295351790366262	0.669222116886015
RP11-375N15.1	MO3	0.293563410715776	0.926833623116492	0.293820991535497	0.788169008302123	-1.21124089564666	0.78385629246266	0.168755113331259	0.848195389104343
RP13-560N11.1	MO3	0.476924243430953	1.05975785856223	0.206433569181499	0.96708848296857	-0.800723820720394	0.709229740524654	-0.195804696974539	0.797340706715883
LINC00939	MO3	0.304562548816258	0.947328711035149	0.145586981920619	0.654604225252475	-1.51205212674391	0.584721939760384	0.46369166515675	0.579940705703661
RP11-575F12.1	MO4	-0.116715025163677	1.00230674169321	-0.53137078081049	0.615676978329782	-0.353218744800784	0.885201931048485	0.786147186991248	0.896762395138555
LINC02198	MO1	0.638246829681985	0.831789475650249	-0.30649202892011	0.658439690229149	-0.973449847700452	0.998504304028943	0.17442896203628	0.892291013910463
RP13-497K6.1	MO3	0.615649129407673	1.07292632564027	0.0716029038425821	0.957487640396673	-0.887611195921219	0.425416525954667	-0.17472733659152	0.767970440409221
CTC-537E7.1	MO1	0.697057891537428	0.796621689604768	0.0374141158571295	1.12998421317299	-0.670838406819566	0.771656937691645	-0.36120974050112	0.764020858992993
LINC00942	MO2	-0.101642373018199	1.11932284832045	-0.508337255806574	0.50066993772354	0.568215446125516	1.2303547714725	0.197881891429388	0.858783090496527
RP11-622A1.1	MO3	0.277495317188824	1.02857601028769	0.507034601974493	0.999010914519758	-0.820670155845714	0.503360374422081	-0.229947401219156	0.857111372964372
RP11-380P13.1	MO3	0.580914626353116	1.08365769831705	0.28757692567807	0.819613571601484	-0.860300345523236	0.49928866664811	-0.338220537183191	0.806598035822574
RP11-381K20.2	MO2	-0.545042253318117	0.882589398194374	0.86388636087165	0.384854347394087	0.583986242933065	0.85013998669352	-0.512400786516718	0.883522809454915
ZBED1P1	MO3	0.534024583353763	1.19705780863847	0.174165555655052	0.87275846416044	-0.784143331006515	0.302906921327294	-0.238280536224337	0.79887537172753
CTD-2005D20.1	MO2	0.515288681186197	1.01045297604433	-0.52766530449546	0.558029986756423	-0.554564362792206	1.07071777082938	0.240201011250958	0.91285589261695
LINC00923	MO1	-0.553455015017812	0.786617634302536	0.01533547301949	0.782540218254422	0.247401194424489	0.991113144271099	0.419651897047443	1.1545832446541
FAM90A25P	MO4	-0.11817633889067	0.94561957040698	0.311417723835891	1.00133226642223	0.843237748430203	0.869910600208995	-0.646562558483425	0.645380566999165
RP11-501C14.7	MO4	-0.252742524410117	0.619567678988184	-0.389620295358482	0.877875873295518	-0.214500743377196	1.00499908498337	0.725257347711651	1.0975473377238
RP11-774D14.1	MO4	-0.0508315398790462	0.9768460691278	-0.539598424887875	0.656110609496679	-0.341187799243734	0.669660094984203	0.716744457573933	1.06176104123627
RP11-136O12.2	MO3	0.0638874590010367	0.874645163288872	-0.0742346861472547	0.660438825593114	-0.989883003024056	0.471308630192497	0.589947453088511	1.1557412337544
HOXA10	MO4	-0.550678166846457	0.884852862212486	-0.482047744514019	0.789974086262943	0.299466711620773	0.736492157932031	0.808272631053232	0.824889568392998
LINC01847	MO3	0.390593345683068	1.21618016086195	0.275275449869142	0.74961558338681	-0.827690052339063	0.636110343875261	-0.147493113952554	0.821692012591499
C1orf210	MO3	0.386638509482071	0.804316180355024	0.00671081018980915	0.656803162782366	-1.23559418356532	0.996086427048618	0.329681886521678	0.876927441608789
CTB-78F1.2	MO3	0.354380983662912	1.15322733868213	-0.0283118991872676	0.940282491668143	-0.882201392896485	0.269920323644217	0.181285917201011	0.882765849200143
RP11-875O11.3	MO4	-0.483210663683415	0.758929796771431	-0.30230355892081	0.87104634923067	0.0783613295406339	1.08321247020895	0.717312424225894	0.906490147419311
COX6B1P4	MO3	0.48642817293705	0.836617798304031	0.267185698097986	0.935361270406784	-1.05706620338368	0.729769931339733	-0.103617702936984	0.898505691515526
LINC01419	MO4	-0.211046604808066	0.862939107661722	-0.565959471394605	0.811413089489721	-0.15333044533897	0.717931727555741	0.794662752937265	0.989690286596862
RP11-136K7.3	MO3	0.0509411042594569	1.10635248978575	0.31322092232132	0.812143935186371	-0.779828125290674	0.511740581521585	0.148170931728853	1.06688876768552
CTB-78F1.1	MO3	0.457273134255157	1.11223958723758	0.108486151604294	0.784746676528554	-1.01505195836679	0.393117586640618	0.0366811551885055	0.909691749732068
RP11-115J16.1	MO3	0.400145637723467	0.898129297365441	0.241055280228655	0.786305535001451	-1.11101981401941	0.901033850598637	0.0415619806076509	0.883985160849582
RP11-115J16.2	MO3	0.441780430549302	0.988215643657183	0.312293526756788	0.844907654481188	-0.965780921116699	0.560489011395067	-0.149850397150017	0.951249540144253
AF131215.4	MO3	-0.48312972445563	0.903687502348848	0.675651847785723	0.921007359965894	0.701318724832624	0.574479497683154	-0.487809094839027	0.799374381784152
INMT-MINDY4	MO2	-0.179397343148701	0.965194924046007	0.661540969252725	0.782037913534165	-0.162067314950127	1.05483903506981	-0.276702224588604	0.983574567200031
RP11-326C3.2	MO2	-0.455479962297283	1.20468231913272	0.774674360194722	0.813801146880065	0.282192536655033	0.5452747854525	-0.349534767746386	0.654942828499062
RP11-627G23.1	MO3	0.526062065289617	0.887668977893037	0.21199437618271	0.613472142956469	-1.12044017579948	1.026045183207	-0.0602962828297121	0.856121268975132
KLRC4-KLRK1	MO2	-0.393230067288012	0.805081395353513	0.792801815169208	0.60837754155683	0.529331952911122	0.949198172321816	-0.578589143988087	0.923785825498599
RP11-459D22.1	MO1	0.570444385223323	0.720418219910377	0.0614929978999559	0.950912300045329	-0.780872246829795	0.978181827100048	-0.182712304601574	0.993249009977667
A2MP1	MO2	0.186892739603632	0.831796055998678	0.632884180180123	0.62958182779985	-0.507677210676577	1.35886119914664	-0.429582603330972	0.863969029575797
NLRP9P1	MO3	0.223717707502263	1.20166505692919	0.121329289809669	0.887399920106424	-0.971409055139109	0.513725311645191	0.244811943867871	0.753718273501919
CYP2B7P	MO3	0.500612201274065	0.983285409170356	0.347145357224246	0.855173233812079	-1.12335530835808	0.348629123870044	-0.146703179963532	0.850380607411964
RP11-169D4.2	MO2	-0.147785560445449	0.950560085366932	0.718722277933077	0.754261026874853	0.20929053417827	0.902045418533486	-0.581313418282356	0.92768168209682
RP11-545J16.1	MO3	0.457125698953793	1.12101904008334	0.336531214680842	0.792350299335284	-0.742654229830212	0.637564551262925	-0.320440978482071	0.869489526353446
RP11-328C8.4	MO3	-0.497456182934889	0.868218141751545	0.262493960370332	0.88471379699534	1.01887765856241	0.851463118696687	-0.312117469370593	0.816017630319533
RP11-767I20.1	MO2	-0.0478221788008077	0.939161652544295	0.875990999438914	1.16543390040747	-0.519639009835756	0.509052886903658	-0.382595655880776	0.62895947908712
RP11-267D19.2	MO3	0.532091680110216	1.00436128693463	0.267914914558059	1.10249037038536	-0.832400696488665	0.498405187236449	-0.286983523596878	0.707748669642638
RP11-150C16.1	MO1	0.607591067061963	0.745414107943395	-0.428498119017753	0.721581218856451	0.136971718446779	1.23658838999913	-0.355930250318039	1.00270365643769
RP11-256L6.3	MO3	-0.0639642135810681	1.07083209636495	0.446900750343624	0.950326386305124	-0.966916489465294	0.470554450609843	0.267446680147218	0.828758204502631
RP11-497G19.1	MO4	0.0616526859375571	0.960634617582318	-0.435326989054183	0.829744838106813	-0.634265547605534	0.713465845735825	0.685851949024941	0.928829869231443
RP11-274M17.1	MO2	-0.207004292772041	0.977511037627835	-0.600176493397816	0.548874073593073	0.17793649941475	1.12913127106771	0.620742627149936	0.915799779130696
RP11-168L7.1	MO3	0.650076253857321	1.04442084651891	-0.140621068452706	0.707965419550559	-0.988945346479999	0.21791143741288	0.0303150495226127	0.964546320475694
DIO3OS	MO2	-0.129661827718796	1.11862563565683	0.575233342392201	0.616104033637274	0.209196724377683	1.03250017679912	-0.478321456555244	0.891312834046732
RP11-371E8.2	MO1	0.634504517018928	0.950583514905657	-0.220865136649854	0.915657726406659	-0.578348230222933	0.540285734782455	-0.131485438583738	1.04273302227648
RP11-300J18.1	MO3	0.135823957570718	1.17123605076643	0.34124380146631	1.02160931944922	-0.699492520112692	0.549112567265085	-0.0129768746280029	0.8368651013903
LINC01146	MO3	0.170619049965776	1.16700116444454	0.55101593776248	0.708801430439768	-1.11214091298115	0.482157057087822	0.0197709982265138	0.744933555361924
RP11-253M7.3	MO2	-0.0490762653790309	0.954612376122039	-0.722972022294165	0.485019553389873	0.309688206621196	1.13291523797743	0.480243373625305	0.978508417192329
CTD-2555C10.3	MO4	-0.327497983510988	1.0543609993402	-0.492718342999547	0.679588852478165	-0.0613056737977839	0.545537412798152	0.799466878514823	0.943000993989449
CTD-2240J17.1	MO1	0.689406998659744	0.807460164630788	0.291323693779339	0.682721139347089	-0.701101430978985	0.73086136133866	-0.550841629717778	1.00618972073868
MTND5P32	MO1	0.666466123425869	0.641052072682908	0.0430728583890824	0.803652560034115	-1.00183542923752	1.05506362135166	-0.135300101685372	0.930000069499082
RP11-210M15.2	MO1	-0.609884487710528	0.789323556357429	-0.111846615017177	0.838949517402442	0.878418011619853	1.06984304867352	0.208397527888743	0.874671846775448
RP11-382A20.5	MO1	0.812293222650457	0.731206970997198	0.107635093149371	0.823884643276596	-0.766671504964408	0.797205409774466	-0.484394809981302	0.878272422422674
LYPD8	MO4	-0.405819877174334	0.842590547280322	-0.398899057661047	0.643157017856727	-0.0888555007527862	0.9386053436478	0.818488370496612	0.995645451245472
TGFBR3L	MO3	0.391261346902354	1.18798928951666	0.220406021223207	0.922045797165532	-0.896408083998361	0.58844607847041	-0.0603246818881808	0.711040459681739
RP11-375I20.6	MO1	0.680610488971548	0.902134313833036	-0.130401928891938	0.963567238497284	-0.302830410083749	1.0688445441577	-0.422101127811729	0.747634310347543
RP11-747H7.3	MO2	-0.453127143273557	0.857327976852142	0.772581189135583	0.557590262718432	0.284236878499034	1.09160147070593	-0.351452637427432	0.9819172807688
LINC02128	MO3	0.364041784344806	1.14207079153513	0.0347115269363555	0.759544764213474	-0.775117006050601	0.326214249815961	0.0533215321724123	1.08681821692525
LINC02187	MO3	0.506188629663938	0.861627500597054	-0.311667477683162	0.888933717910034	-0.823723782565627	0.581566528543377	0.227653564422929	1.06567086094071
RP11-963H4.3	MO3	0.592091782609997	1.03557732809656	0.243699267199619	0.801462239259115	-0.826806430190063	0.5550131214447	-0.332756890746136	0.891367808774406
RP11-498C9.13	MO2	-0.337943582209862	0.881071241829741	-0.594661146612873	0.657069332159219	0.387798725046788	1.00229477994904	0.627623500913223	0.957604193466708
AKR1C8P	MO1	0.753432782066804	0.517120446997364	-0.0329108557606204	0.774138317888187	-0.914474979239023	1.12124488862846	-0.214445206230203	0.955311842273987
CTD-2015H3.1	MO2	0.38726904040328	1.11378778231405	-0.695330231661763	0.495848236261313	-0.444404855006092	0.561249563692212	0.451041117492709	0.999558126549573
ANXA8L1	MO4	-0.436666456567965	0.705690744374621	0.377776679339918	0.965962705496627	1.04707565507047	1.22675973165535	-0.490855791084846	0.407220938818985
TUFMP1	MO2	0.135099358456489	1.20579819043137	-0.631137083671649	0.349057773913071	-0.183398347560351	0.832365101502518	0.504651203277799	0.965138709802459
CYP4F35P	MO2	-0.353148262900098	0.8772132485412	0.868331903164571	0.87907397861139	0.0711781895892039	1.00544812358705	-0.409983355398304	0.770027357539352
RP11-484N16.1	MO3	0.335962232461104	0.988558947334749	0.366338832603537	0.824263910130636	-1.06665976737626	0.56261787596165	-0.0241524913714124	0.939931230137512
FXYD1	MO3	0.457949210241914	1.10002873022101	0.195187153047175	0.636455107302838	-1.13627284422195	0.669127185743447	0.0350079556890627	0.821515120093643
AC079466.1	MO4	-0.390017573924354	0.798096095944906	-0.00979530177487458	1.01081758126879	-0.559667939211891	0.583692446329557	0.753645222656349	0.969285468760753
SMUG1P1	MO3	0.442048803552041	1.08337633465782	0.502066748960565	0.995046128923125	-0.886785561315367	0.190172565859697	-0.358836643556903	0.683856256664929
CTD-2526M8.2	MO3	0.32678429891931	0.968161347484459	0.2053431197997	0.83448719135683	-1.09815049497094	0.216221521199426	0.141225131287545	1.04548226044844
SNX6P1	MO1	-0.588189733409941	0.719437174905729	-0.240216977738961	0.663783835452348	0.563136748042544	1.00275425784937	0.483901602333029	1.11927630040311
GABRQ	MO2	-0.111173074199439	0.768931686197397	-0.618739809731871	0.521781566308781	0.0188572171548663	1.38913177374023	0.631346235888581	0.941672309879771
BNIP3P22	MO1	-0.663719552871627	0.67779096955098	-0.278196342403289	0.821659405788728	0.562905498104673	0.982136408150561	0.5956291226952	0.94409457432402
AC005339.2	MO3	0.191011968850155	1.09653979054081	-0.124909602922665	0.904298484951446	-0.870017356132366	0.773811269913939	0.427621008871022	0.778307886191955
RP3-431P23.5	MO1	0.645046123753117	1.00345176561095	-0.243617274048789	0.820217779537194	-0.713927240641011	0.719754896204867	-0.041867402614696	0.93191881257057
BNIP3P39	MO2	-0.293723284513952	1.09153978161408	-0.50112802395581	0.468334148843064	0.132553555568941	0.833238718519212	0.654836135760724	1.00410427017053
AP001172.3	MO3	0.53449828490166	1.1128774709999	0.155519513993921	0.937461335019192	-0.928490516129621	0.422238671492919	-0.136320476363804	0.763653575384918
BUD13P1	MO4	-0.206204324001268	0.802830611002431	0.626643161694812	0.985405704991425	0.492131040955534	1.27759741498524	-0.611410771812579	0.495600225895274
MMP28	MO3	-0.435340277652483	0.585210036406873	0.320929388770215	0.773742087090124	1.24603374072832	0.693812681676471	-0.563302933356566	0.933819072681596
RP11-710C12.1	MO4	-0.206615110393973	0.854892786232358	0.486458851488556	0.921955155667965	0.880898285043615	0.975145847065354	-0.725083128877771	0.541782925149034
RP11-1259L22.2	MO1	0.822704141611352	1.14832786699399	-0.0833256045153565	0.760516534623176	-0.574513097032376	0.631645899036924	-0.448304726634441	0.592581766487755
SNX29P2	MO2	0.273974306889156	0.968570455145135	0.548563780938425	0.561219140907942	-0.497487434664732	1.01037325042684	-0.455459775232436	1.03001748347935
RP11-471M2.3	MO4	-0.295512408070141	0.9357726070169	-0.474742655771729	0.830468995825163	0.108334154151112	1.09329557320362	0.64881879338895	0.829647481560814
LINC01607	MO2	0.374604478962538	1.10164728702726	-0.704436249104228	0.622830154989323	-0.369819659145313	0.816736046472191	0.427327904315118	0.873798524299073
CTD-2325A15.5	MO3	0.152218191192386	1.03921088047782	-0.183011383129074	0.921110196396242	-0.712652191162295	0.560538739424425	0.423321889605084	1.01657325833152
LINC02084	MO2	-0.520619599536213	0.748959915089286	0.798460889634259	0.675537565883229	0.516988528162769	0.945190426380399	-0.442234293573757	0.946001692719598
CD24	MO4	-0.486671554440647	1.0515815539761	-0.359166388161775	0.867840838934721	0.337467280729024	1.12998309383389	0.613816193662773	0.498356426034892
DGCR9	MO1	0.715876532865761	1.01621215079503	-0.321943705769331	0.600659504092447	-0.286922136313741	0.844512513044732	-0.305864927816873	1.00904693522083
AC006946.16	MO1	-0.767378205886542	0.452543653040838	-0.100390968651166	0.6838719555952	0.634348506340076	1.04768554964816	0.510470335730315	1.09470335014845
CTA-384D8.34	MO2	-0.429950180910169	0.700710896130049	0.7610745949385	0.796015683051671	0.508090364396156	0.996133643141884	-0.500319934379742	0.926040430355897
RP11-405M12.4	MO2	-0.227605861658058	0.926210734897382	0.705475812249816	0.847897212267037	0.148854013767671	1.14447140758196	-0.449980693931985	0.796953606604623
CBSL	MO3	0.473058361328755	0.823028552220302	0.391596291126476	1.0109494177117	-0.91465983178947	0.758781592798588	-0.280772227779016	0.85361969504439
LINC01297	MO1	-0.626450120609872	0.371467634973768	-0.0546235476158892	0.689062321976398	-0.05392718818275	0.899254632467052	0.736558955023522	1.26846032029358
RP11-164O23.8	MO1	0.655380751991756	0.74565295839698	0.153910295758664	0.847863837779084	-0.997843750543232	0.94712793091191	-0.220267290660268	0.863564676261396
CCL4L2	MO2	-0.548344824288336	0.865683271781379	0.702804456233298	0.547371867518013	0.736798506823382	1.00120000692	-0.463700826389579	0.816460323773667
CH17-360D5.2	MO4	-0.277541999254206	0.958356260345798	0.405079750516964	0.973536597171557	0.682282606847779	1.23822528513383	-0.46226825283117	0.477624140078173
C10orf142	MO2	-0.409775647360754	0.805667733242912	0.865099710845732	0.79080885977958	-0.359517644700876	0.918585046210819	-0.0893597376695549	0.993939911465707
RP11-15E1.6	MO3	0.37289684409487	0.969611276471306	0.0211706433678289	0.756100010616709	-0.989806730640782	0.553389414836704	0.184347305222201	1.08379076637645
RP11-89H19.2	MO4	0.00361657678407447	1.07196232376207	-0.451785439014807	0.781043622195928	-0.407654200942782	0.903453528841764	0.624812738104977	0.858603812185286
RP13-977E11.1	MO3	0.54389087119411	0.985981873098124	-0.0969450667391667	0.695359510146628	-1.09152879233361	0.144876754548018	0.166235167374639	1.03536611126652
IGKV1D-12	MO2	-0.413722825514151	0.699215414951913	0.863542651785743	0.964176485703942	0.267967755924415	1.07792362102412	-0.460382940782672	0.732495174052849
RP11-349F21.3	MO3	0.204272426002229	0.759447552502768	0.375573411015433	1.1088969417292	-0.974915670529679	0.915190613677087	0.0512259556523486	0.85362431580035
CTA-345G4.1	MO2	-0.557777685522357	0.818914121547566	0.909240128390775	0.838244936391739	0.37835278503	0.965750366891589	-0.414199210351684	0.662890188304676
CTA-113A6.2	MO2	-0.500298560341615	0.793136651368244	0.856440977906448	0.86857669672367	0.391158997359444	1.03697823486359	-0.437356741277452	0.69327639574186
RP4-570O12.3	MO1	-0.634907593781561	0.384416635096948	-0.00363215332839016	0.640892654565976	0.244344126715986	1.04951078912859	0.52313382777018	1.31191036271192
LINC01666	MO4	-0.228498758912955	0.67537701974357	-0.387257121202296	0.833004211452367	-0.340855083476244	1.03645084335186	0.773605299966301	1.02467081707313
CTD-2619J13.5	MO3	0.322924861616042	0.894841449309894	0.451192313045258	0.668911212656968	-1.24290090229669	0.562078811683245	0.0231559705926976	0.977424908582096
RP11-467L19.14	MO3	-0.120816632225406	0.783187962273289	-0.2066635710798	0.727053131745576	-0.57823730731478	0.450009861148053	0.649463883643374	1.30919964084166
CTA-280A3.2	MO1	-0.578276744000203	0.844319883301601	-0.178390649907584	0.753674537229156	0.398639746590154	0.941114877822703	0.519638785667567	1.05232756164391
RP11-586K12.2	MO2	-0.102265101825479	0.745811854178684	-0.623219120962127	0.559094000798552	0.124892349458955	1.25091152303325	0.562179200059188	1.08411490110296
RP11-586K12.1	MO2	-0.20056170605376	0.853739587918102	-0.582069070037869	0.419929318457665	0.246765226408729	1.26582547391807	0.557289365043398	1.03692671716829
RP11-286N22.16	MO3	0.482221287182613	1.08270494310638	0.105610475471909	0.894448247114677	-1.01631758254484	0.758016942415975	0.0136892938340402	0.686809953904572
RP11-513O13.1	MO1	0.679636537082578	1.09082936837855	-0.166989146524524	0.895735523118991	-0.211516178141058	0.619640357979492	-0.444767882506227	0.842100871542183
CTC-260E6.4	MO1	-0.583438903570569	0.772526988947284	-0.205176140988746	0.537311001710001	0.447283160852027	0.931686519784392	0.518640672078316	1.19762420141795
RP1-47M23.3	MO2	-0.464182831275536	0.779953953745713	1.01757610470785	0.494737983870663	0.179938328153524	0.715109928928345	-0.485510713054473	1.027552430242
RP11-67L14.1	MO2	0.0768644125635004	1.24710073728973	-0.726790318959335	0.560137552404381	0.0444779105648946	0.857907158713263	0.510377391584823	0.741313036997019
RP11-145P16.2	MO2	0.0177021400170304	0.876751653285468	0.709015549752759	0.870381452397903	-0.502728234359422	0.787901105718324	-0.319613523692073	1.05251634268146
LLNLR-259H9.1	MO1	0.733673174807699	1.05067059507137	0.103745856460923	0.788379381507879	-0.587353206105412	0.591116208290238	-0.506128887876621	0.807323039995747
LINC01348	MO3	0.355779436968859	0.75600140424577	0.415618463036803	0.826462240156219	-1.32632235392491	0.880419715416482	0.0689493099563605	0.771693400826071
CTSLP2	MO3	-0.0177958834882253	0.974918274347216	0.124663192043613	0.741944093938982	-0.9120380987282	0.639775763771249	0.459944823662485	1.080861119839
RP4-781K5.7	MO3	0.512399651083586	0.779603428995051	0.247482702729728	0.937033862966511	-1.22669034735657	0.621634120152319	-0.0123657225440898	0.856246732169918
IGHV7-4-1	MO1	-0.510400105809048	0.539252829315261	0.532108183897327	0.761480453840573	0.827066357541682	1.27906749507571	-0.412611659738236	0.858789428874511
CYP3A7-CYP3A51P	MO3	0.0332192282498015	0.88959753476175	0.515485438905293	1.16118747716226	-1.02785569590446	0.358564271486075	0.143670604810886	0.812831159086776
CTD-3212A4.2	MO3	0.311914353878572	1.12861557454742	0.589210455140856	1.02681455716239	-0.741887647677475	0.499478768659535	-0.383206369835743	0.581468834453443
FRG1EP	MO4	-0.282937874513125	0.957341905885683	-0.468735992031169	0.606896928564646	-0.224894827444069	0.840923824851115	0.830447257931716	0.950955795825101
RP11-418I22.3	MO3	-0.000789716518627533	0.972420660939503	0.556827755492594	1.05177946335021	-0.951196019811798	0.736335571025633	0.0982432220629328	0.729192923030306
ABC13-47488600E17.1	MO2	-0.439057130620255	1.02763832730213	0.626523860246414	0.673957764347921	0.653958199509881	0.721951317230815	-0.463910213764113	0.880218361884029
