gene	ACC	BLCA	BRCA	CESC	CHOL	COAD	DLBC	ESCA	GBM	HNSC	KICH	KIRC	KIRP	LAML	LGG	LIHC	LUAD	LUSC	MESO	OV	PAAD	PCPG	PRAD	READ	SARC	SKCM	STAD	TGCT	THCA	THYM	UCEC	UCS	UVM	Unknown
TP53	0	0.998998793578652	0.65290083328016	0	2.17870737419836e-07	0.99998928996753	0.00207050339840172	1	0.54729321021219	0.999999999999751	1	0	0	0	0.998743937554815	0.474563468694657	0.999460249380485	1	0	1	0.999999999996847	0	3.37771435265921e-08	1	0.589357843007513	4.92429702827479e-05	0.996666783712635	0	0	0	0.799659930793083	1	0	1
CTNNB1	0	0	0	0	1.26810540567142e-06	1.13717806282665e-07	6.88400077364488e-07	0	0	0	0	0	0	0	0	0.731413865231003	3.24851257005321e-13	0	0	0	0	0	0	0	0	1.03257494110665e-07	2.40018038777379e-09	0	0	0	0.584732222955068	0	0	0
ALB	0	0	0	0	0.141998449037961	0	0.000283988159978691	0	0	0	0	0	0	0	0	0.26870338682568	0	3.47980999571007e-09	0	0	0	0	0	0	0	0.00733507651685383	0	0	0	0	0.00108263300463796	2.49308020657862e-07	0	0
GTF2IRD2B	0	0	0	0	0.00221219494875709	0	0.00170655038904118	0	0	0	0	0	0	0	0	0	0	0	0	0	0	0	0	0	0	0	0	0	0	0	0.000996448362546198	2.82260037301336e-07	0	0
RB1	0	0.955333250978026	5.42041543971639e-05	0.032089292921045	0.00505644559715905	0.000174320964813512	0.00404515647772724	0	0.359459352020825	0.000290396427873096	1.61291449886478e-06	0	0	0	0	0.0121016930287877	0.0222647523518122	0.0785841471862134	0	0.00127377990014077	0	0	0	0	0.272197421876174	0.00765334814190344	0.000818107182876782	0	0	0	0.688149611773631	0.419184327632397	0	0
COL11A1	0	0.0735607490068177	3.07099293528346e-06	0.00197819240261499	0.00505644559715905	0.524501993115675	0.180811520146688	0.116391954635241	8.98084910216923e-07	0.284217239084119	0	1.34708711740927e-06	0	0	0	0.0176163435800614	0.985381571162072	0.926351939561121	0	0.000690359528815909	0	0	8.93316680756762e-05	0.00213773274930484	0	0.998968196352006	0.285726709905217	0	0	0	0.846451755972267	0.0245576985215488	0	0.999992762357579
PNRC2	0	0	0	0	0.0113334125453565	0	0.00939054182329538	0	0	0	0	0	0	0	0	0	0	0	0	0	0	0	0	0	0	0	0	0	0	0	0	2.09678884852421e-05	0	0
AK2	0	0	0	0	0.0538885486834048	0	0.0477298574053014	0	0	0	5.1459653059019e-06	0	0	0	0	0	0	0	0	0	0	0	0	0	0	0	0	0	0	0	0.000204511237315241	0.00103022225424156	0	0
VPS13A	0	0.074936774165993	0.0120012825986502	0.190657515586292	0.0538885486834048	0.63413592085824	0.0477298574053014	0	0	0.111840734794239	5.1459653059019e-06	0	0.000924264080316872	0	0.000770260978844473	0.00866631722734956	0.226306102225883	0.296479417419017	0	0	0	0	0	0.0227668537800959	0.0271961359677236	0.962538678913936	0.749768022722224	0	0	0	0.979296316361194	0.00103022225424156	0	0
SPTA1	0	0.857368621438289	0.292147579717888	0.296000386506457	0.296387017758726	0.986426034209572	0.275601434695127	0.944899588702714	0.826689989558254	0.413467872156968	0.000684413385684955	0.00805198786669636	0.00444048612500025	0	0.000246917251470968	0.436857352593676	0.999991791051975	0.99977972135588	0	0.074936774165993	0	0	0.196190580104476	0.927026335544189	0	0.999999183946439	0.998701037207669	0	0.0021841951698246	0	0.997092582562452	0.593458448903137	0	1
PCLO	0	0.0216860972489639	2.36156493005346e-06	0.00666958131155948	0.0201163174274338	0.688093103549153	0.691088767260642	0.259726010356816	0.00101616829802453	0.349889066460801	0	7.53305038347918e-08	0	0	5.04010445379066e-07	0.0537755650218317	0.69690041744968	0.596925396914851	0	3.10411918391651e-10	0	0	0	0	0.000162400072878599	0.999999998144056	0.769249492670616	0	0	0	0.726371758799336	3.55862943933275e-05	0	0.734279170039804
CSMD2	0	0.00248191176505308	6.79151985827353e-06	0	0.00590258467894171	0.417064304722007	0.000283988159978691	0	0	0.000107580616054426	0	0	0	0	0	4.58542922521232e-07	0.447313964716588	0.408338642787008	0	1.20054713947937e-07	0	0	0	0	0	0.999996174060812	0.0895343474839814	0	0	0	0.556195898898075	0.00022811250311028	0	0
APOB	0	0.0324708091306853	6.38576976095262e-05	0.00101859896078715	0.224826571368509	0.0911970732297421	0.00972462840739339	0.0103925624960388	0.000915004485304238	0.0611702849420429	0	0	0	0	2.56387081376541e-06	0.101026180641756	0.802589769843162	0.710262232004886	0	0.00146243240002408	0	0	0	0.00279665704706611	3.14852730420867e-05	0.999947116256674	0.276804193652894	0	0	0	0.780258190122601	7.58741862174305e-05	0	0.954905590522029
SMC6	0	3.59764912682969e-06	0	1.74502343295302e-05	0.00221219494875709	0	0.0204153990985297	0	0	0	0	0	0	0	0	0	0	2.96753191286747e-06	0	0	0	0	0	0	0	0.00112641183497042	7.16464121741645e-06	0	0	0	0.104155738651423	2.82260037301336e-07	0	0
CSMD3	0	0.663093235525492	0.00073188885285036	0.0443580208800114	0.0249662001359728	0.940719766016626	0.595712496915301	0.975474669684694	5.95463594788015e-06	0.942768585736767	0	0.000825645564139554	0	0	1.9184647908066e-06	0.106082057456611	0.999999973843294	0.999999999689701	0	0.109793167124734	0	0	0.000724463402798747	0.605890017010669	0	0.999999479400256	0.996833081715544	0	0	0	0.994464639705972	0.00597510896581536	0	1
DYNC2H1	0	0.000179866703906573	3.94234110170366e-05	1.74502343295302e-05	0.00221219494875709	0.279081444374362	0.104605218291228	0.2126573881519	0	5.68616079554829e-07	0	2.3508722546417e-07	0	0	0	0.000487296818430738	0.00361356871595531	0.00393006694266984	0	0	0	0	0	0.0457980008638246	0	0.629173231494671	0.0790956045873121	0	0	0	0.852882266524735	1.86694853243599e-05	0	0
FKBP9	0	0	0	0	0.00221219494875709	8.85456580279609e-07	0.104605218291228	0	0	0	0	0	0	0	0	0	0	0	0	0	0	0	0	0	0	1.19472708381974e-06	0	0	0	0	0.00699024424984052	2.82260037301336e-07	0	0
LRP1B	0	0.480781465099003	0.000295918132113382	0.29878478158628	0.121082256530246	0.918070828231961	0.996371128483073	0.690166675366069	0.00013430201584308	0.850896443727613	0	8.56412414975694e-05	2.81591087625266e-06	0	5.39799052456935e-07	0.126068246532274	0.999995431073484	0.999998424993459	0	0.00625737718046393	0	0	0.00112137611583452	0.905588892430857	0	0.999999999838737	0.999647649900359	0	0	0	0.924648830133951	0.186395160288755	0	1
PCDH7	0	7.5962105516858e-07	0	0	0.0249662001359728	0.0240336789746822	0.104605218291228	0	0	1.31131383529492e-08	0	0	0	0	0	3.58761164550581e-05	0.00182875595419707	0.0019206441520474	0	0	0	0	0	0	0	0.00172961210978173	0.00178813408424761	0	0	0	0.000659762763413507	2.82260037301336e-07	0	0
