gene	locus	ACC	BLCA	BRCA	CESC	CHOL	COAD	DLBC	ESCA	GBM	HNSC	KICH	KIRC	KIRP	LAML	LGG	LIHC	LUAD	LUSC	MESO	OV	PAAD	PCPG	PRAD	READ	SARC	SKCM	STAD	TGCT	THCA	THYM	UCEC	UCS	UVM	Unknown
TP53	E349	0	0	0	0	0.23943661971831	0	0.225754527162978	0	0	0	0.00402414486921529	0	0	0	0	0	0	0	0	0	0	0	0	0	0	0	0	0	0	0	0	0.357746478873239	0	0
CTNNB1	D32	0	0	0	0	0.23943661971831	0	0.225754527162978	0	0	0	0.00402414486921529	0	0	0	0	0.680214050476182	0	0	0	0	0	0	0.00286197943320632	0	0	0	0.00410925831608044	0	0	0	0.442183527312412	0.0366197183098591	0	0
CTNNB1	S33	0	0	0	0	0.23943661971831	0	0.225754527162978	0	0	0	0.00402414486921529	0	0	0	0	0.719879611758181	0.0025401246814345	0	0	0	0	0	0	0	0	0	0	0	0	0	0.702524015236315	0.0366197183098591	0	0
CTNNB1	G34	0	0	0	0	0.114513165952235	0	0.104697751727758	0	0	0	0.000174962820400665	0	0	0	0	0.0148360232307964	0	0	0	0	0	0	0	0	0	0	0	0	0	0	0.153989019420562	0.0063686466625842	0	0
CTNNB1	S37	0	0.000829287735348738	0	0	0.114513165952235	0	0.104697751727758	0	0	0	0.000174962820400665	0	0	0	0	0.0295032375027635	0.00151247606602301	0	0	0	0	0	0	0	0	0	0.000642366817226403	0	0	0	0.469180955351388	0.0063686466625842	0	0
CTNNB1	S45	0.998460420669227	0	0	0	0.23943661971831	0.10718019386877	0.225754527162978	0	0	0	0.00402414486921529	0	0	0	0	0.755707961133552	0	0	0	0	0	0	0	0	0	0.0481842152212302	0	0	0	0	0.0189102267025163	0.0366197183098591	0	0
ALB	S18	0	0	0	0	0.23943661971831	0	0.225754527162978	0	0	0	0.00402414486921529	0	0	0	0	0	0	0	0	0	0	0	0	0	0	0	0	0	0	0	0	0.0366197183098591	0	0
GTF2IRD2B	L597	0	0	0	0	0.00221219494875709	0	0.00170655038904118	0	0	0	0	0	0	0	0	0	0	0	0	0	0	0	0	0	0	0	0	0	0	0	0	2.82260037301336e-07	0	0
PNRC2	R82	0	0	0	0	0.0113334125453565	0	0.00939054182329538	0	0	0	0	0	0	0	0	0	0	0	0	0	0	0	0	0	0	0	0	0	0	0	0	2.09678884852421e-05	0	0
AK2	M163	0	0	0	0	0.23943661971831	0	0.225754527162978	0	0	0	0.00402414486921529	0	0	0	0	0	0	0	0	0	0	0	0	0	0	0	0	0	0	0	0	0.0366197183098591	0	0
SMC6	X364	0	0	0	0	0.00221219494875709	0	0.00170655038904118	0	0	0	0	0	0	0	0	0	0	0	0	0	0	0	0	0	0	0	0	0	0	0	0	2.82260037301336e-07	0	0
FKBP9	H620	0	0	0	0	0.00221219494875709	0	0.00170655038904118	0	0	0	0	0	0	0	0	0	0	0	0	0	0	0	0	0	0	0	0	0	0	0	0	2.82260037301336e-07	0	0
